12 header lines (incl this one)
Object: KIC846
UT Date for start of observations: 2017.08.05
Observer: B.Gary
Band: V-band
Telescope: Meade 14" LX200-GPS
CCD: SBIG ST-10XME
Col 1: MJD
Col 2: V-mag
Col 3: SE
Col 4: air mass

57970.14192	11.9130	0.0024	1.279
57970.14240	11.9143	0.0024	1.277
57970.14287	11.9173	0.0024	1.274
57970.14336	11.9245	0.0015	1.272
57970.14384	11.9240	0.0017	1.270
57970.14432	11.9081	0.0019	1.268
57970.14480	11.9110	0.0021	1.266
57970.14528	11.9164	0.0022	1.264
57970.14576	11.9052	0.0023	1.262
57970.14624	11.9162	0.0024	1.260
57970.14671	11.9095	0.0024	1.257
57970.14719	11.9123	0.0025	1.255
57970.14767	11.9131	0.0025	1.253
57970.14815	11.9137	0.0025	1.251
57970.14863	11.9156	0.0025	1.249
57970.14911	11.9146	0.0026	1.247
57970.14959	11.9113	0.0026	1.245
57970.15007	11.9219	0.0026	1.243
57970.15056	11.9130	0.0026	1.241
57970.15103	11.9214	0.0026	1.239
57970.15427	11.9038	0.0025	1.227
57970.15476	11.9136	0.0025	1.225
57970.15524	11.9131	0.0024	1.223
57970.15572	11.9126	0.0023	1.221
57970.15619	11.9197	0.0022	1.219
57970.15668	11.9079	0.0022	1.217
57970.15716	11.9186	0.0020	1.216
57970.15764	11.9222	0.0019	1.214
57970.15813	11.9163	0.0019	1.212
57970.15860	11.9170	0.0018	1.210
57970.15907	11.9149	0.0018	1.208
57970.15956	11.9134	0.0018	1.207
57970.16005	11.9124	0.0018	1.205
57970.16052	11.9143	0.0018	1.203
57970.16100	11.9119	0.0019	1.202
57970.16147	11.9209	0.0019	1.200
57970.16194	11.9122	0.0019	1.198
57970.16243	11.9144	0.0019	1.197
57970.16292	11.9139	0.0019	1.195
57970.16338	11.9255	0.0019	1.193
57970.16385	11.9149	0.0018	1.192
57970.16434	11.9206	0.0017	1.190
57970.16481	11.9120	0.0017	1.188
57970.16530	11.9126	0.0016	1.187
57970.16579	11.9132	0.0016	1.185
57970.16626	11.9268	0.0016	1.183
57970.16675	11.9098	0.0017	1.182
57970.16722	11.9117	0.0018	1.180
57970.16770	11.9212	0.0018	1.179
57970.16818	11.9163	0.0020	1.177
57970.16866	11.9146	0.0021	1.176
57970.16914	11.9107	0.0023	1.174
57970.16962	11.9279	0.0024	1.173
57970.17010	11.9181	0.0025	1.171
57970.17057	11.9184	0.0025	1.170
57970.17105	11.9178	0.0025	1.168
57970.17153	11.9133	0.0024	1.167
57970.17200	11.9106	0.0024	1.165
57970.17248	11.9118	0.0024	1.164
57970.17296	11.9174	0.0023	1.162
57970.17344	11.9251	0.0023	1.161
57970.17392	11.9232	0.0023	1.159
57970.17441	11.9145	0.0023	1.158
57970.17488	11.9155	0.0023	1.157
57970.17537	11.9273	0.0024	1.155
57970.17584	11.9177	0.0025	1.154
57970.17632	11.9168	0.0026	1.152
57970.17681	11.9151	0.0027	1.151
57970.17728	11.9145	0.0028	1.150
57970.17777	11.9150	0.0029	1.148
57970.17824	11.9127	0.0029	1.147
57970.17872	11.9071	0.0029	1.146
57970.17920	11.9159	0.0029	1.144
57970.17968	11.9144	0.0029	1.143
57970.18016	11.9158	0.0029	1.142
57970.18064	11.9155	0.0029	1.140
57970.18111	11.9232	0.0028	1.139
57970.18159	11.9141	0.0027	1.138
57970.18207	11.9146	0.0026	1.136
57970.18255	11.9163	0.0025	1.135
57970.18302	11.9192	0.0023	1.134
57970.18350	11.9157	0.0022	1.133
57970.18398	11.9064	0.0021	1.131
57970.18446	11.9202	0.0020	1.130
57970.18493	11.9164	0.0019	1.129
57970.18542	11.9171	0.0019	1.128
57970.18590	11.9131	0.0019	1.127
57970.18638	11.9160	0.0019	1.125
57970.18685	11.9086	0.0020	1.124
57970.18734	11.9274	0.0021	1.123
57970.18781	11.9204	0.0022	1.122
57970.18830	11.9183	0.0023	1.121
57970.18877	11.9122	0.0024	1.120
57970.18926	11.9137	0.0024	1.118
57970.18973	11.9170	0.0025	1.117
57970.19022	11.9208	0.0025	1.116
57970.19069	11.9179	0.0025	1.115
57970.19118	11.9248	0.0024	1.114
57970.19167	11.9166	0.0024	1.113
57970.19214	11.9144	0.0025	1.112
57970.19263	11.9242	0.0026	1.111
57970.19310	11.9154	0.0028	1.110
57970.19692	11.9047	0.0030	1.101
57970.19741	11.9164	0.0032	1.100
57970.19788	11.9073	0.0033	1.099
57970.19836	11.9200	0.0034	1.098
57970.19883	11.9259	0.0034	1.097
57970.19932	11.9064	0.0035	1.096
57970.19979	11.9149	0.0034	1.095
57970.20027	11.9147	0.0032	1.094
57970.20170	11.9149	0.0029	1.092
57970.20218	11.9228	0.0026	1.091
57970.20266	11.9101	0.0022	1.090
57970.20314	11.9256	0.0020	1.089
57970.20361	11.9123	0.0018	1.088
57970.20410	11.9134	0.0018	1.087
57970.20457	11.9119	0.0017	1.086
57970.20506	11.9246	0.0017	1.085
57970.20553	11.9161	0.0017	1.084
57970.20601	11.9209	0.0017	1.083
57970.20649	11.9210	0.0018	1.083
57970.20697	11.9117	0.0019	1.082
57970.20745	11.9226	0.0020	1.081
57970.20793	11.9148	0.0021	1.080
57970.20841	11.9263	0.0021	1.079
57970.20889	11.9157	0.0021	1.078
57970.20936	11.9186	0.0021	1.078
57970.20985	11.9186	0.0021	1.077
57970.21032	11.9115	0.0020	1.076
57970.21081	11.9154	0.0019	1.075
57970.21128	11.9213	0.0018	1.074
57970.21177	11.9177	0.0017	1.074
57970.21226	11.9225	0.0016	1.073
57970.21273	11.9234	0.0016	1.072
57970.21321	11.9141	0.0016	1.071
57970.21368	11.9211	0.0017	1.070
57970.21417	11.9169	0.0019	1.070
57970.21464	11.9177	0.0021	1.069
57970.21513	11.9164	0.0024	1.068
57970.21561	11.9133	0.0026	1.067
57970.21609	11.9184	0.0028	1.067
57970.21657	11.9176	0.0030	1.066
57970.21705	11.9127	0.0033	1.065
57970.21753	11.9227	0.0035	1.065
57970.21801	11.9144	0.0038	1.064
57970.21850	11.9227	0.0042	1.063
57970.21897	11.9124	0.0047	1.063
57970.21944	11.9088	0.0052	1.062
57970.21992	11.9258	0.0058	1.061
57970.22041	11.9177	0.0062	1.061
57970.22088	11.9165	0.0065	1.060
57970.22137	11.9098	0.0068	1.059
57970.22230	11.9243	0.0069	1.058
57970.22278	11.9260	0.0070	1.057
57970.22374	11.9157	0.0070	1.056
57970.22422	11.9215	0.0068	1.056
57970.22470	11.9235	0.0066	1.055
57970.22519	11.9107	0.0063	1.054
57970.22566	11.9198	0.0059	1.054
57970.22613	11.9128	0.0055	1.053
57970.22662	11.9069	0.0052	1.053
57970.22709	11.9198	0.0049	1.052
57970.22758	11.9118	0.0047	1.051
57970.22806	11.9224	0.0044	1.051
57970.22854	11.9104	0.0042	1.050
57970.22902	11.9291	0.0039	1.050
57970.22998	11.9161	0.0037	1.049
57970.23046	11.9126	0.0036	1.048
57970.23094	11.9184	0.0035	1.048
57970.23141	11.9163	0.0034	1.047
57970.23189	11.9285	0.0033	1.047
57970.23236	11.9108	0.0032	1.046
57970.23285	11.9110	0.0031	1.046
57970.23333	11.9205	0.0029	1.045
57970.23428	11.9155	0.0028	1.044
57970.23476	11.9098	0.0026	1.044
57970.23524	11.9178	0.0025	1.043
57970.23572	11.9156	0.0024	1.043
57970.23620	11.9281	0.0023	1.043
57970.23668	11.9142	0.0022	1.042
57970.23716	11.9241	0.0022	1.042
57970.23764	11.9265	0.0023	1.041
57970.23813	11.9083	0.0024	1.041
57970.23861	11.9116	0.0026	1.040
57970.23909	11.9193	0.0027	1.040
57970.24003	11.9114	0.0028	1.039
57970.24051	11.9194	0.0029	1.039
57970.24100	11.9082	0.0028	1.038
57970.24147	11.9171	0.0027	1.038
57970.24243	11.9221	0.0050	1.037
