12 header lines (incl this one)
Object: KIC846
UT Date for start of observations: 2017.08.25
Observer: B.Gary
Band: V-band
Telescope: Meade 14" LX200-GPS
CCD: SBIG ST-10XME
Col 1: MJD
Col 2: V-mag
Col 3: SE
Col 4: air mass

57990.11601	11.9172	0.0019	1.169
57990.11648	11.9098	0.0019	1.168
57990.11697	11.9176	0.0019	1.167
57990.11744	11.9164	0.0012	1.165
57990.11792	11.9016	0.0013	1.164
57990.11839	11.9148	0.0014	1.162
57990.11888	11.9047	0.0015	1.161
57990.11935	11.9095	0.0015	1.159
57990.11984	11.9153	0.0016	1.158
57990.12031	11.9156	0.0016	1.156
57990.12080	11.9119	0.0017	1.155
57990.12127	11.9089	0.0018	1.154
57990.12175	11.9133	0.0020	1.152
57990.12222	11.9065	0.0023	1.151
57990.12271	11.9093	0.0025	1.150
57990.12318	11.9069	0.0028	1.148
57990.12367	11.9223	0.0031	1.147
57990.12414	11.9057	0.0033	1.145
57990.12462	11.9164	0.0035	1.144
57990.12510	11.9069	0.0036	1.143
57990.12558	11.9100	0.0037	1.142
57990.12605	11.9212	0.0037	1.140
57990.12654	11.9173	0.0037	1.139
57990.12701	11.9195	0.0036	1.138
57990.12750	11.9140	0.0035	1.136
57990.12797	11.9174	0.0033	1.135
57990.12846	11.9229	0.0033	1.134
57990.12894	11.9154	0.0032	1.133
57990.12942	11.9150	0.0032	1.131
57990.12990	11.9205	0.0033	1.130
57990.13037	11.9138	0.0033	1.129
57990.13086	11.9112	0.0034	1.128
57990.13133	11.9169	0.0034	1.127
57990.13181	11.9120	0.0033	1.125
57990.13228	11.9156	0.0033	1.124
57990.13277	11.9172	0.0032	1.123
57990.13324	11.9200	0.0030	1.122
57990.13373	11.9166	0.0029	1.121
57990.13420	11.9158	0.0027	1.119
57990.13468	11.9077	0.0025	1.118
57990.13515	11.9162	0.0024	1.117
57990.13659	11.9125	0.0023	1.114
57990.13706	11.9105	0.0023	1.113
57990.14072	11.9147	0.0023	1.105
57990.14119	11.9092	0.0023	1.104
57990.14216	11.9134	0.0024	1.102
57990.14265	11.9170	0.0023	1.101
57990.14312	11.9212	0.0023	1.100
57990.14409	11.9069	0.0023	1.098
57990.14457	11.9235	0.0021	1.097
57990.14647	11.9223	0.0020	1.093
57990.15028	11.9106	0.0019	1.085
57990.15076	11.9062	0.0018	1.085
57990.15171	11.9116	0.0016	1.083
57990.15220	11.9117	0.0015	1.082
57990.15269	11.9162	0.0014	1.081
57990.15506	11.9147	0.0014	1.077
57990.15553	11.9109	0.0014	1.076
57990.15602	11.9114	0.0014	1.075
57990.15649	11.9174	0.0015	1.075
57990.15698	11.9146	0.0015	1.074
57990.15745	11.9134	0.0015	1.073
57990.15794	11.9111	0.0015	1.072
57990.15841	11.9144	0.0015	1.071
57990.15890	11.9140	0.0015	1.071
57990.15937	11.9110	0.0015	1.070
57990.15986	11.9175	0.0015	1.069
57990.16034	11.9148	0.0015	1.068
57990.16082	11.9132	0.0015	1.068
57990.16130	11.9070	0.0015	1.067
57990.16178	11.9098	0.0015	1.066
57990.16227	11.9153	0.0015	1.066
57990.16274	11.9110	0.0015	1.065
57990.16323	11.9076	0.0016	1.064
57990.16370	11.9162	0.0016	1.064
57990.16419	11.9126	0.0015	1.063
57990.16466	11.9108	0.0015	1.062
57990.16515	11.9143	0.0015	1.061
57990.16562	11.9086	0.0015	1.061
57990.16611	11.9103	0.0016	1.060
57990.16660	11.9106	0.0017	1.059
57990.16707	11.9115	0.0019	1.059
57990.16756	11.9084	0.0021	1.058
57990.16803	11.9161	0.0023	1.058
57990.16852	11.9066	0.0026	1.057
57990.16899	11.9145	0.0028	1.056
57990.16948	11.9145	0.0030	1.056
57990.17043	11.9150	0.0032	1.055
57990.17091	11.9164	0.0034	1.054
57990.17139	11.9143	0.0034	1.053
57990.17188	11.9080	0.0035	1.053
57990.17236	11.9074	0.0034	1.052
57990.17284	11.9193	0.0033	1.052
57990.17331	11.9161	0.0031	1.051
57990.17380	11.9178	0.0030	1.051
57990.17427	11.9133	0.0028	1.050
57990.17476	11.9057	0.0026	1.049
57990.17524	11.9177	0.0024	1.049
57990.17572	11.9134	0.0022	1.048
57990.17620	11.9167	0.0021	1.048
57990.17668	11.9160	0.0020	1.047
57990.17716	11.9101	0.0020	1.047
57990.17764	11.9141	0.0020	1.046
57990.17811	11.9117	0.0020	1.046
57990.17860	11.9141	0.0019	1.045
57990.17907	11.9108	0.0019	1.045
57990.17956	11.9114	0.0019	1.044
57990.18003	11.9175	0.0018	1.044
57990.18052	11.9102	0.0017	1.044
57990.18100	11.9095	0.0016	1.043
57990.18147	11.9059	0.0015	1.043
57990.18196	11.9146	0.0014	1.042
57990.18243	11.9151	0.0013	1.042
57990.18292	11.9197	0.0012	1.041
57990.18340	11.9102	0.0011	1.041
57990.18388	11.9157	0.0011	1.040
57990.18435	11.9138	0.0011	1.040
57990.18483	11.9171	0.0011	1.040
57990.18530	11.9167	0.0011	1.039
57990.18579	11.9147	0.0011	1.039
57990.18626	11.9115	0.0012	1.038
57990.18674	11.9137	0.0012	1.038
57990.18722	11.9125	0.0013	1.038
57990.18770	11.9077	0.0013	1.037
57990.18817	11.9099	0.0013	1.037
57990.18866	11.9094	0.0014	1.037
57990.18913	11.9148	0.0014	1.036
57990.18962	11.9146	0.0015	1.036
57990.19009	11.9106	0.0015	1.036
57990.19057	11.9088	0.0016	1.035
57990.19105	11.9125	0.0016	1.035
57990.19153	11.9177	0.0016	1.035
57990.19201	11.9054	0.0016	1.034
57990.19249	11.9098	0.0015	1.034
57990.19297	11.9227	0.0015	1.034
57990.19345	11.9115	0.0015	1.033
57990.19392	11.9132	0.0014	1.033
57990.19441	11.9154	0.0013	1.033
57990.19488	11.9149	0.0013	1.033
57990.19537	11.9126	0.0013	1.032
57990.19584	11.9066	0.0013	1.032
57990.19633	11.9135	0.0013	1.032
57990.19681	11.9111	0.0014	1.032
57990.19729	11.9104	0.0014	1.031
57990.19777	11.9134	0.0015	1.031
57990.19824	11.9179	0.0015	1.031
57990.19873	11.9102	0.0015	1.031
57990.19920	11.9193	0.0015	1.030
57990.19969	11.9115	0.0014	1.030
57990.20017	11.9171	0.0014	1.030
57990.20065	11.9174	0.0013	1.030
57990.20112	11.9035	0.0012	1.030
57990.20161	11.9051	0.0012	1.029
57990.20208	11.9070	0.0011	1.029
57990.20256	11.9093	0.0010	1.029
57990.20304	11.9045	0.0010	1.029
57990.20352	11.9087	0.0010	1.029
57990.20399	11.9080	0.0010	1.028
57990.20448	11.9100	0.0010	1.028
57990.20495	11.9158	0.0010	1.028
57990.20543	11.9147	0.0010	1.028
57990.20591	11.9147	0.0010	1.028
57990.20640	11.9033	0.0010	1.028
57990.20688	11.9066	0.0010	1.028
57990.20735	11.9099	0.0009	1.028
57990.20782	11.9063	0.0010	1.027
57990.20831	11.9157	0.0010	1.027
57990.20878	11.9147	0.0010	1.027
57990.20927	11.9074	0.0011	1.027
57990.20975	11.9081	0.0012	1.027
57990.21023	11.9108	0.0012	1.027
57990.21071	11.9127	0.0013	1.027
57990.21119	11.9114	0.0014	1.027
57990.21167	11.9129	0.0014	1.027
57990.21215	11.9214	0.0014	1.027
57990.21263	11.9123	0.0014	1.027
57990.21310	11.9112	0.0014	1.027
57990.21359	11.9093	0.0014	1.026
57990.21407	11.9089	0.0013	1.026
57990.21455	11.9106	0.0013	1.026
57990.21502	11.9179	0.0012	1.026
57990.21551	11.9102	0.0012	1.026
57990.21598	11.9141	0.0011	1.026
57990.21646	11.9075	0.0011	1.026
57990.21694	11.9139	0.0011	1.026
57990.21742	11.9142	0.0011	1.026
57990.21791	11.9107	0.0011	1.026
57990.21838	11.9091	0.0011	1.026
57990.21887	11.9085	0.0011	1.026
57990.21934	11.9187	0.0011	1.026
57990.21983	11.9182	0.0011	1.026
57990.22030	11.9112	0.0011	1.026
57990.22078	11.9087	0.0010	1.027
57990.22125	11.9144	0.0010	1.027
57990.22172	11.9118	0.0010	1.027
57990.22221	11.9062	0.0010	1.027
57990.22269	11.9119	0.0010	1.027
57990.22317	11.9136	0.0010	1.027
57990.22365	11.9154	0.0010	1.027
57990.22412	11.9174	0.0011	1.027
57990.22459	11.9068	0.0011	1.027
57990.22508	11.9081	0.0011	1.027
57990.22556	11.9025	0.0011	1.027
57990.22603	11.9139	0.0012	1.027
57990.22652	11.9124	0.0012	1.027
57990.22699	11.9035	0.0012	1.028
57990.22747	11.9150	0.0012	1.028
57990.22795	11.9131	0.0012	1.028
57990.22843	11.9017	0.0012	1.028
57990.22890	11.9193	0.0012	1.028
57990.22938	11.9090	0.0012	1.028
57990.22986	11.9103	0.0012	1.028
57990.23034	11.9062	0.0012	1.029
57990.23082	11.9094	0.0012	1.029
57990.23130	11.9119	0.0012	1.029
57990.23177	11.9098	0.0013	1.029
57990.23226	11.9086	0.0014	1.029
57990.23273	11.9148	0.0015	1.029
57990.23322	11.9172	0.0016	1.030
57990.23369	11.9064	0.0017	1.030
57990.23418	11.9090	0.0017	1.030
57990.23465	11.9115	0.0018	1.030
57990.23514	11.9157	0.0018	1.031
57990.23561	11.9103	0.0019	1.031
57990.23610	11.9144	0.0019	1.031
57990.23659	11.9191	0.0019	1.031
57990.23705	11.9080	0.0019	1.031
57990.23752	11.9129	0.0019	1.032
57990.23800	11.9113	0.0019	1.032
57990.23848	11.9155	0.0018	1.032
57990.23895	11.9061	0.0019	1.032
57990.23942	11.9124	0.0019	1.033
57990.23991	11.9068	0.0019	1.033
57990.24038	11.9067	0.0019	1.033
57990.24087	11.9144	0.0020	1.034
57990.29281	11.9125	0.0020	1.103
57990.29330	11.9128	0.0021	1.104
57990.29377	11.9132	0.0021	1.105
57990.29426	11.9061	0.0022	1.107
57990.29473	11.9156	0.0022	1.108
57990.29521	11.9087	0.0022	1.109
57990.29568	11.9119	0.0021	1.110
57990.29617	11.9104	0.0020	1.111
57990.29664	11.9171	0.0019	1.112
57990.29713	11.9200	0.0018	1.113
57990.29760	11.9128	0.0017	1.114
57990.29808	11.9116	0.0016	1.115
57990.29856	11.9124	0.0015	1.116
57990.29904	11.9151	0.0014	1.117
57990.29953	11.9140	0.0014	1.119
57990.30000	11.9160	0.0015	1.120
57990.30049	11.9180	0.0015	1.121
57990.30096	11.9108	0.0016	1.122
57990.30144	11.9140	0.0016	1.123
57990.30192	11.9080	0.0017	1.124
57990.30240	11.9109	0.0017	1.126
57990.30288	11.9214	0.0016	1.127
57990.30336	11.9117	0.0016	1.128
57990.30383	11.9122	0.0015	1.129
57990.30431	11.9070	0.0014	1.130
57990.30479	11.9188	0.0013	1.132
57990.30527	11.9071	0.0012	1.133
57990.30575	11.9159	0.0011	1.134
57990.30623	11.9098	0.0011	1.135
57990.30670	11.9083	0.0010	1.137
57990.30719	11.9067	0.0010	1.138
57990.30766	11.9066	0.0011	1.139
57990.30814	11.9142	0.0011	1.141
57990.30862	11.9073	0.0011	1.142
57990.30910	11.9136	0.0012	1.143
57990.30958	11.9126	0.0012	1.144
57990.31006	11.9056	0.0013	1.146
57990.31054	11.9122	0.0013	1.147
57990.31102	11.9089	0.0013	1.148
57990.31149	11.9144	0.0013	1.150
57990.31198	11.9101	0.0013	1.151
57990.31247	11.9183	0.0013	1.153
57990.31294	11.9079	0.0013	1.154
57990.31343	11.9098	0.0013	1.155
57990.31390	11.9163	0.0013	1.157
57990.31439	11.9160	0.0013	1.158
57990.31486	11.9170	0.0013	1.160
57990.31534	11.9088	0.0013	1.161
57990.31582	11.9052	0.0013	1.163
57990.31631	11.9135	0.0013	1.164
57990.31678	11.9108	0.0013	1.165
57990.31726	11.9151	0.0013	1.167
57990.31773	11.9194	0.0013	1.168
57990.31821	11.9123	0.0013	1.170
57990.31869	11.9023	0.0013	1.171
57990.31917	11.9085	0.0013	1.173
57990.31964	11.9107	0.0013	1.174
57990.32012	11.9176	0.0013	1.176
57990.32060	11.9197	0.0013	1.177
57990.32108	11.9121	0.0014	1.179
57990.32156	11.9133	0.0014	1.181
57990.32204	11.9104	0.0014	1.182
57990.32252	11.9139	0.0015	1.184
57990.32300	11.9133	0.0015	1.185
57990.32347	11.9085	0.0015	1.187
57990.32395	11.9063	0.0015	1.189
57990.32443	11.9142	0.0015	1.190
57990.32491	11.9131	0.0015	1.192
57990.32539	11.9059	0.0015	1.193
57990.32587	11.9040	0.0014	1.195
57990.32634	11.9134	0.0014	1.197
57990.32683	11.9182	0.0015	1.198
57990.32730	11.8997	0.0015	1.200
57990.32779	11.9101	0.0015	1.202
57990.32826	11.9096	0.0016	1.204
57990.32875	11.9106	0.0017	1.205
57990.32922	11.9192	0.0018	1.207
57990.32970	11.9097	0.0018	1.209
57990.33019	11.9126	0.0018	1.211
57990.33066	11.9067	0.0018	1.212
57990.33113	11.9121	0.0018	1.214
57990.33161	11.9159	0.0018	1.216
57990.33208	11.9128	0.0017	1.218
57990.33256	11.9117	0.0017	1.219
57990.33303	11.9090	0.0016	1.221
57990.33352	11.9121	0.0015	1.223
57990.33399	11.9180	0.0015	1.225
57990.33447	11.9127	0.0015	1.227
57990.33494	11.9181	0.0015	1.229
57990.33543	11.9117	0.0015	1.230
57990.33590	11.9075	0.0015	1.232
57990.33638	11.9133	0.0015	1.234
57990.33686	11.9135	0.0015	1.236
57990.33734	11.9078	0.0015	1.238
57990.33781	11.9096	0.0015	1.240
57990.33830	11.9077	0.0015	1.242
57990.33877	11.9040	0.0015	1.244
57990.33926	11.9089	0.0014	1.246
57990.33973	11.9107	0.0014	1.248
57990.34021	11.9149	0.0015	1.250
57990.34069	11.9153	0.0015	1.252
57990.34118	11.9099	0.0016	1.254
57990.34166	11.9106	0.0017	1.256
57990.34214	11.9196	0.0018	1.258
57990.34262	11.9138	0.0019	1.260
57990.34310	11.9105	0.0020	1.262
57990.34359	11.9123	0.0021	1.264
57990.34406	11.9109	0.0022	1.267
57990.34455	11.9106	0.0023	1.269
57990.34502	11.9124	0.0023	1.271
57990.34551	11.9099	0.0023	1.273
57990.34598	11.9068	0.0023	1.275
57990.34646	11.9050	0.0023	1.277
57990.34694	11.9053	0.0022	1.279
57990.34742	11.9091	0.0022	1.282
57990.34789	11.9093	0.0023	1.284
57990.34838	11.9093	0.0023	1.286
57990.34885	11.9114	0.0024	1.288
57990.34934	11.9087	0.0025	1.291
57990.34983	11.9186	0.0026	1.293
57990.35030	11.9113	0.0027	1.295
57990.35079	11.9047	0.0027	1.298
57990.35126	11.9045	0.0027	1.300
57990.35175	11.9143	0.0027	1.302
57990.35222	11.9092	0.0026	1.305
57990.35270	11.9079	0.0025	1.307
57990.35318	11.9080	0.0023	1.309
57990.35367	11.9153	0.0022	1.312
57990.35414	11.9148	0.0020	1.314
57990.35463	11.9076	0.0019	1.317
57990.35510	11.9055	0.0018	1.319
57990.35559	11.9153	0.0018	1.321
57990.35606	11.9027	0.0018	1.324
57990.35654	11.9099	0.0019	1.326
57990.35703	11.9108	0.0020	1.329
57990.35750	11.9100	0.0020	1.331
57990.35797	11.9098	0.0021	1.334
57990.35846	11.9059	0.0021	1.336
57990.35895	11.9193	0.0021	1.339
57990.35942	11.9056	0.0021	1.342
57990.35991	11.9080	0.0021	1.344
57990.36038	11.9115	0.0021	1.347
57990.36086	11.9051	0.0020	1.349
57990.36134	11.9031	0.0020	1.352
57990.36182	11.9137	0.0019	1.355
57990.36229	11.9088	0.0019	1.357
57990.36278	11.9081	0.0018	1.360
57990.36325	11.9128	0.0017	1.363
57990.36374	11.9033	0.0016	1.366
57990.36421	11.9114	0.0015	1.368
57990.36470	11.9070	0.0014	1.371
57990.36517	11.9046	0.0014	1.374
57990.36566	11.9083	0.0013	1.377
57990.36613	11.9062	0.0013	1.379
57990.36661	11.9165	0.0014	1.382
57990.36709	11.9129	0.0014	1.385
57990.36757	11.9159	0.0014	1.388
57990.36804	11.9126	0.0015	1.391
57990.36853	11.9058	0.0015	1.394
57990.36900	11.9125	0.0015	1.397
57990.36949	11.9044	0.0015	1.400
57990.36997	11.9106	0.0016	1.403
57990.37044	11.9257	0.0015	1.406
57990.37093	11.9107	0.0015	1.409
57990.37140	11.9128	0.0015	1.412
57990.37189	11.9031	0.0015	1.415
57990.37237	11.9127	0.0015	1.418
57990.37285	11.9063	0.0015	1.421
57990.37332	11.9088	0.0015	1.424
57990.37381	11.9146	0.0015	1.427
57990.37428	11.9148	0.0016	1.430
57990.37477	11.9110	0.0016	1.433
57990.37525	11.9162	0.0016	1.437
57990.37573	11.8990	0.0017	1.440
57990.37622	11.9133	0.0017	1.443
57990.37670	11.9050	0.0017	1.446
57990.37719	11.9086	0.0017	1.450
57990.37766	11.9136	0.0016	1.453
57990.37814	11.9033	0.0016	1.456
57990.37862	11.9088	0.0015	1.459
57990.37910	11.9081	0.0015	1.463
57990.37958	11.9017	0.0014	1.466
57990.38006	11.9085	0.0013	1.470
57990.38054	11.9008	0.0013	1.473
57990.38103	11.9102	0.0013	1.477
57990.38150	11.9178	0.0014	1.480
57990.38248	11.9047	0.0015	1.487
57990.38296	11.8995	0.0017	1.491
57990.38345	11.9063	0.0018	1.494
57990.38392	11.9044	0.0019	1.498
57990.38440	11.9062	0.0019	1.501
57990.38488	11.9174	0.0020	1.505
57990.38536	11.9079	0.0020	1.509
57990.38584	11.9075	0.0019	1.512
57990.38632	11.9116	0.0018	1.516
57990.38681	11.9127	0.0017	1.520
57990.38728	11.9122	0.0016	1.523
57990.38777	11.9150	0.0015	1.527
57990.38824	11.9227	0.0014	1.531
57990.38873	11.9159	0.0013	1.535
57990.38920	11.9063	0.0013	1.539
57990.38969	11.9040	0.0014	1.542
57990.39016	11.9193	0.0014	1.546
57990.39065	11.9094	0.0015	1.550
57990.39112	11.9084	0.0016	1.554
57990.39160	11.9161	0.0017	1.558
57990.39208	11.9103	0.0018	1.562
57990.39257	11.9065	0.0019	1.566
57990.39304	11.9091	0.0019	1.570
57990.39353	11.9152	0.0019	1.574
57990.39400	11.9137	0.0019	1.578
57990.39448	11.9121	0.0018	1.583
57990.39495	11.9137	0.0027	1.587
