12 header lines (incl this one)
Object: KIC846
UT Date for start of observations: 2017.05.20
Observer: B.Gary
Band: V-band
Telescope: Meade 14" LX200-GPS
CCD: SBIG ST-10XME
Col 1: MJD
Col 2: V-mag
Col 3: SE
Col 4: air mass 

57893.19315	11.9315	0.0040	4.636
57893.19365	11.9138	0.0040	4.596
57893.19416	11.9351	0.0024	4.557
57893.19465	11.9267	0.0026	4.518
57893.19515	11.9263	0.0028	4.481
57893.19566	11.9282	0.0030	4.443
57893.19616	11.9060	0.0031	4.407
57893.19667	11.9331	0.0033	4.370
57893.19716	11.9133	0.0035	4.335
57893.19767	11.9070	0.0039	4.299
57893.19817	11.9260	0.0042	4.265
57893.19868	11.9130	0.0046	4.231
57893.19917	11.9259	0.0050	4.198
57893.19968	11.9450	0.0052	4.165
57893.20019	11.9115	0.0053	4.132
57893.20068	11.9234	0.0054	4.100
57893.20119	11.9067	0.0053	4.068
57893.20170	11.9237	0.0053	4.037
57893.20220	11.9222	0.0051	4.007
57893.20271	11.9145	0.0049	3.976
57893.20321	11.9201	0.0047	3.947
57893.20372	11.9234	0.0045	3.917
57893.20421	11.9047	0.0044	3.888
57893.20472	11.9184	0.0043	3.859
57893.20522	11.9307	0.0044	3.832
57893.20573	11.9095	0.0045	3.803
57893.20624	11.9091	0.0046	3.776
57893.20675	11.9250	0.0046	3.749
57893.20725	11.9363	0.0046	3.722
57893.20775	11.9201	0.0045	3.696
57893.20825	11.9210	0.0044	3.670
57893.20875	11.9042	0.0042	3.645
57893.20926	11.9011	0.0041	3.619
57893.20976	11.9248	0.0038	3.595
57893.21024	11.9488	0.0036	3.571
57893.21075	11.9239	0.0033	3.547
57893.21126	11.9108	0.0032	3.522
57893.21176	11.9208	0.0031	3.499
57893.21227	11.8912	0.0032	3.476
57893.21278	11.9289	0.0033	3.452
57893.21328	11.9190	0.0035	3.430
57893.21377	11.9149	0.0037	3.408
57893.21428	11.9299	0.0038	3.385
57893.21478	11.9126	0.0040	3.364
57893.21529	11.9135	0.0041	3.342
57893.21579	11.9218	0.0043	3.321
57893.21630	11.9099	0.0045	3.300
57893.21679	11.9404	0.0047	3.279
57893.21729	11.9186	0.0049	3.259
57893.21779	11.9221	0.0051	3.239
57893.21829	11.9310	0.0052	3.219
57893.21878	11.9187	0.0054	3.199
57893.21929	11.9242	0.0054	3.179
57893.21979	11.9185	0.0054	3.160
57893.22030	11.9358	0.0053	3.141
57893.22080	11.8973	0.0051	3.122
57893.22131	11.9253	0.0049	3.103
57893.22181	11.9187	0.0046	3.085
57893.22230	11.9070	0.0043	3.067
57893.22280	11.9293	0.0040	3.049
57893.22330	11.9183	0.0037	3.032
57893.22381	11.9271	0.0035	3.014
57893.22431	11.9298	0.0034	2.997
57893.22481	11.9251	0.0032	2.979
57893.22531	11.9382	0.0031	2.962
57893.22582	11.9396	0.0030	2.945
57893.22632	11.9060	0.0029	2.929
57893.22682	11.9122	0.0028	2.913
57893.22731	11.9226	0.0028	2.897
57893.22782	11.9145	0.0028	2.880
57893.22833	11.8987	0.0028	2.864
57893.22883	11.9166	0.0028	2.849
57893.22934	11.9198	0.0029	2.833
57893.22984	11.9203	0.0030	2.818
57893.23035	11.9146	0.0032	2.802
57893.23084	11.9289	0.0034	2.787
57893.23135	11.9122	0.0035	2.772
57893.23185	11.9167	0.0036	2.758
57893.23236	11.9160	0.0037	2.743
57893.23337	11.9293	0.0038	2.714
57893.23387	11.9289	0.0038	2.700
57893.23438	11.9234	0.0038	2.686
57893.23488	11.9227	0.0037	2.672
57893.23538	11.9397	0.0035	2.658
57893.23588	11.9176	0.0033	2.645
57893.23638	11.9080	0.0031	2.632
57893.23689	11.9124	0.0029	2.618
57893.23738	11.9241	0.0027	2.605
57893.23789	11.9194	0.0025	2.592
57893.23839	11.9064	0.0024	2.579
57893.23890	11.9195	0.0023	2.566
57893.23941	11.9129	0.0022	2.553
57893.23991	11.9172	0.0022	2.541
57893.24041	11.9175	0.0023	2.529
57893.24091	11.9140	0.0024	2.516
57893.24142	11.9280	0.0026	2.504
57893.24192	11.9319	0.0028	2.492
57893.24241	11.9222	0.0030	2.481
57893.24292	11.9020	0.0033	2.469
57893.24341	11.9401	0.0036	2.457
57893.24392	11.9218	0.0038	2.445
57893.24442	11.9204	0.0040	2.434
57893.24493	11.9347	0.0041	2.423
57893.24544	11.9150	0.0041	2.411
57893.24594	11.9236	0.0041	2.400
57893.24645	11.9213	0.0040	2.389
57893.24694	11.9190	0.0038	2.378
57893.24744	11.9054	0.0036	2.368
57893.24795	11.9226	0.0033	2.357
57893.24846	11.9275	0.0030	2.346
57893.24896	11.9278	0.0027	2.336
57893.24947	11.9254	0.0025	2.325
57893.24997	11.9133	0.0022	2.315
57893.25047	11.9214	0.0020	2.304
57893.25097	11.9177	0.0019	2.294
57893.25148	11.9291	0.0019	2.284
57893.25198	11.9085	0.0020	2.274
57893.25249	11.9282	0.0021	2.264
57893.25299	11.9346	0.0022	2.255
57893.25350	11.9139	0.0023	2.245
57893.25399	11.9203	0.0024	2.235
57893.25450	11.9287	0.0025	2.226
57893.25500	11.9322	0.0025	2.217
57893.25551	11.9268	0.0026	2.207
57893.25601	11.9230	0.0026	2.198
57893.25650	11.9126	0.0025	2.189
57893.25700	11.9184	0.0024	2.180
57893.25750	11.9186	0.0024	2.171
57893.25801	11.9154	0.0023	2.162
57893.25851	11.9090	0.0023	2.153
57893.25902	11.9223	0.0023	2.144
57893.25951	11.9197	0.0022	2.136
57893.26001	11.9230	0.0022	2.127
57893.26051	11.9168	0.0021	2.119
57893.26102	11.9129	0.0020	2.110
57893.26152	11.9088	0.0020	2.102
57893.26201	11.9252	0.0019	2.093
57893.26251	11.9176	0.0018	2.085
57893.26302	11.9256	0.0017	2.077
57893.26352	11.9311	0.0017	2.069
57893.26402	11.9094	0.0017	2.061
57893.26453	11.9134	0.0017	2.053
57893.26502	11.9409	0.0017	2.045
57893.26552	11.9369	0.0018	2.037
57893.26602	11.9167	0.0020	2.029
57893.26653	11.9191	0.0021	2.022
57893.26703	11.9237	0.0023	2.014
57893.26752	11.9288	0.0025	2.006
57893.26803	11.9160	0.0027	1.999
57893.26853	11.9201	0.0028	1.991
57893.26903	11.9085	0.0030	1.984
57893.26954	11.9150	0.0032	1.977
57893.27003	11.9260	0.0033	1.969
57893.27053	11.9253	0.0034	1.962
57893.27152	11.9275	0.0035	1.948
57893.27201	11.9207	0.0036	1.941
57893.27251	11.9232	0.0035	1.934
57893.27302	11.9124	0.0034	1.927
57893.27352	11.9120	0.0034	1.920
57893.27402	11.9228	0.0034	1.914
57893.27451	11.9096	0.0034	1.907
57893.27498	11.9361	0.0034	1.901
57893.27547	11.9250	0.0033	1.894
57893.27598	11.9359	0.0033	1.887
57893.27648	11.9134	0.0032	1.881
57893.27698	11.9205	0.0032	1.874
57893.27749	11.9167	0.0032	1.868
57893.27799	11.9154	0.0031	1.861
57893.27850	11.9165	0.0029	1.855
57893.27899	11.8964	0.0028	1.849
57893.27950	11.8983	0.0026	1.842
57893.28000	11.9247	0.0025	1.836
57893.28050	11.9174	0.0025	1.830
57893.28101	11.9251	0.0025	1.824
57893.28150	11.9260	0.0025	1.818
57893.28200	11.9361	0.0024	1.812
57893.28250	11.9254	0.0024	1.806
57893.28301	11.9215	0.0023	1.800
57893.28351	11.9115	0.0023	1.794
57893.28402	11.9055	0.0023	1.788
57893.28451	11.9227	0.0023	1.782
57893.28502	11.9101	0.0023	1.776
57893.28552	11.9060	0.0022	1.771
57893.28602	11.9220	0.0022	1.765
57893.28653	11.9113	0.0022	1.759
57893.28703	11.9128	0.0022	1.754
57893.28753	11.9179	0.0023	1.748
57893.28803	11.9150	0.0023	1.743
57893.28853	11.9174	0.0023	1.737
57893.28904	11.9165	0.0024	1.732
57893.28954	11.9149	0.0024	1.726
57893.29005	11.9258	0.0024	1.721
57893.29054	11.9015	0.0025	1.716
57893.29104	11.9180	0.0025	1.710
57893.29155	11.9174	0.0025	1.705
57893.29205	11.9119	0.0025	1.700
57893.29256	11.9204	0.0025	1.695
57893.29306	11.9149	0.0025	1.690
57893.29356	11.9045	0.0025	1.684
57893.29406	11.9196	0.0024	1.679
57893.29456	11.9260	0.0023	1.674
57893.29557	11.9212	0.0022	1.664
57893.29606	11.9273	0.0021	1.660
57893.29656	11.9194	0.0020	1.655
57893.29706	11.9172	0.0020	1.650
57893.29757	11.9210	0.0020	1.645
57893.29807	11.9172	0.0020	1.640
57893.29858	11.9345	0.0020	1.636
57893.29907	11.9163	0.0020	1.631
57893.29957	11.9128	0.0020	1.626
57893.30007	11.9139	0.0020	1.622
57893.30058	11.9217	0.0021	1.617
57893.30108	11.9174	0.0021	1.613
57893.30159	11.9249	0.0021	1.608
57893.30208	11.9141	0.0021	1.604
57893.30258	11.9232	0.0020	1.599
57893.30309	11.9152	0.0020	1.595
57893.30359	11.9188	0.0019	1.590
57893.30409	11.9147	0.0019	1.586
57893.30459	11.9161	0.0018	1.581
57893.30509	11.9207	0.0019	1.577
57893.30559	11.9264	0.0019	1.573
57893.30610	11.9059	0.0020	1.569
57893.30660	11.9215	0.0022	1.564
57893.30711	11.9124	0.0024	1.560
57893.30760	11.9202	0.0026	1.556
57893.30810	11.9028	0.0028	1.552
57893.30860	11.9287	0.0029	1.548
57893.30911	11.9136	0.0030	1.544
57893.30961	11.9182	0.0031	1.540
57893.31010	11.9191	0.0031	1.536
57893.31061	11.9263	0.0031	1.532
57893.31111	11.9260	0.0031	1.528
57893.31161	11.9159	0.0030	1.524
57893.31211	11.9185	0.0030	1.520
57893.31262	11.9104	0.0030	1.516
57893.31311	11.9356	0.0030	1.512
57893.31362	11.9175	0.0031	1.508
57893.31412	11.9258	0.0031	1.504
57893.31462	11.9253	0.0032	1.501
57893.31512	11.9221	0.0032	1.497
57893.31562	11.9279	0.0032	1.493
57893.31611	11.9080	0.0032	1.490
57893.31662	11.9182	0.0032	1.486
57893.31712	11.9230	0.0031	1.482
57893.31763	11.9228	0.0030	1.479
57893.31813	11.9186	0.0029	1.475
57893.31862	11.9249	0.0028	1.471
57893.31913	11.9122	0.0026	1.468
57893.31963	11.9218	0.0025	1.464
57893.32014	11.9159	0.0024	1.461
57893.32064	11.9116	0.0023	1.457
57893.32113	11.9170	0.0023	1.454
57893.32164	11.9239	0.0024	1.450
57893.32214	11.9212	0.0025	1.447
57893.32265	11.9276	0.0026	1.444
57893.32315	11.9172	0.0027	1.440
57893.32365	11.9233	0.0029	1.437
57893.32414	11.9175	0.0030	1.434
57893.32465	11.9200	0.0031	1.430
57893.32515	11.9209	0.0032	1.427
57893.32566	11.9084	0.0033	1.424
57893.32616	11.9175	0.0033	1.420
57893.32666	11.9216	0.0033	1.417
57893.32716	11.9160	0.0033	1.414
57893.32766	11.9137	0.0033	1.411
57893.32816	11.9231	0.0033	1.408
57893.32867	11.9146	0.0033	1.405
57893.32917	11.9133	0.0033	1.401
57893.32968	11.9198	0.0031	1.398
57893.33017	11.9194	0.0030	1.395
57893.33067	11.9209	0.0029	1.392
57893.33118	11.9131	0.0027	1.389
57893.33168	11.9226	0.0025	1.386
57893.33218	11.9178	0.0023	1.383
57893.33267	11.9221	0.0021	1.380
57893.33317	11.9164	0.0019	1.377
57893.33368	11.9249	0.0017	1.374
57893.33418	11.9208	0.0015	1.372
57893.33469	11.9192	0.0014	1.369
57893.33519	11.9181	0.0013	1.366
57893.33568	11.9134	0.0012	1.363
57893.33619	11.9167	0.0013	1.360
57893.33669	11.9154	0.0013	1.357
57893.33720	11.9213	0.0014	1.354
57893.33770	11.9198	0.0015	1.352
57893.33821	11.9180	0.0017	1.349
57893.33870	11.9218	0.0018	1.346
57893.33920	11.9290	0.0019	1.343
57893.33971	11.9213	0.0019	1.341
57893.34021	11.9189	0.0019	1.338
57893.34071	11.9210	0.0019	1.335
57893.34120	11.9137	0.0018	1.333
57893.34171	11.9293	0.0018	1.330
57893.34221	11.9112	0.0016	1.327
57893.34272	11.9148	0.0015	1.325
57893.34322	11.9226	0.0014	1.322
57893.34372	11.9277	0.0012	1.320
57893.34422	11.9207	0.0012	1.317
57893.34472	11.9221	0.0011	1.315
57893.34523	11.9129	0.0011	1.312
57893.34573	11.9242	0.0012	1.309
57893.34623	11.9187	0.0012	1.307
57893.34674	11.9231	0.0012	1.304
57893.34723	11.9101	0.0013	1.302
57893.34773	11.9210	0.0013	1.300
57893.34824	11.9171	0.0013	1.297
57893.34875	11.9189	0.0014	1.295
57893.34925	11.9179	0.0014	1.292
57893.34976	11.9192	0.0014	1.290
57893.35025	11.9197	0.0015	1.288
57893.35075	11.9185	0.0015	1.285
57893.35126	11.9199	0.0016	1.283
57893.35176	11.9141	0.0017	1.281
57893.35226	11.9209	0.0017	1.278
57893.35277	11.9225	0.0018	1.276
57893.35326	11.9252	0.0018	1.274
57893.35377	11.9242	0.0019	1.271
57893.35427	11.9166	0.0019	1.269
57893.35477	11.9354	0.0019	1.267
57893.35527	11.9126	0.0019	1.265
57893.35578	11.9166	0.0019	1.263
57893.35627	11.9182	0.0019	1.260
57893.35677	11.9256	0.0020	1.258
57893.35727	11.9166	0.0020	1.256
57893.35778	11.9245	0.0020	1.254
57893.35828	11.9132	0.0020	1.252
57893.35878	11.9223	0.0020	1.250
57893.35928	11.9238	0.0021	1.248
57893.35979	11.9198	0.0021	1.246
57893.36029	11.9183	0.0022	1.243
57893.36079	11.9223	0.0022	1.241
57893.36130	11.9134	0.0023	1.239
57893.36179	11.9261	0.0023	1.237
57893.36230	11.9141	0.0023	1.235
57893.36280	11.9174	0.0023	1.233
57893.36330	11.9217	0.0024	1.231
57893.36380	11.9145	0.0024	1.229
57893.36431	11.9213	0.0024	1.227
57893.36481	11.9246	0.0024	1.225
57893.36531	11.9118	0.0024	1.223
57893.36581	11.9259	0.0024	1.222
57893.36632	11.9175	0.0024	1.220
57893.36683	11.9113	0.0024	1.218
57893.36733	11.9206	0.0024	1.216
57893.36784	11.9195	0.0024	1.214
57893.36833	11.9199	0.0023	1.212
57893.36883	11.9269	0.0023	1.210
57893.36934	11.9141	0.0022	1.208
57893.36984	11.9249	0.0021	1.207
57893.37034	11.9137	0.0020	1.205
57893.37084	11.9217	0.0019	1.203
57893.37184	11.9178	0.0018	1.199
57893.37235	11.9215	0.0017	1.198
57893.37285	11.9221	0.0017	1.196
57893.37334	11.9211	0.0017	1.194
57893.37385	11.9149	0.0017	1.192
57893.37435	11.9289	0.0017	1.191
57893.37486	11.9188	0.0017	1.189
57893.37536	11.9182	0.0017	1.187
57893.37587	11.9222	0.0017	1.186
57893.37637	11.9141	0.0017	1.184
57893.37688	11.9190	0.0017	1.182
57893.37737	11.9197	0.0016	1.181
57893.37787	11.9143	0.0016	1.179
57893.37838	11.9211	0.0016	1.177
57893.37888	11.9184	0.0015	1.176
57893.37938	11.9211	0.0015	1.174
57893.37988	11.9150	0.0015	1.173
57893.38038	11.9189	0.0015	1.171
57893.38089	11.9182	0.0015	1.169
57893.38139	11.9178	0.0015	1.168
57893.38190	11.9152	0.0014	1.166
57893.38240	11.9177	0.0014	1.165
57893.38289	11.9183	0.0015	1.163
57893.38340	11.9229	0.0015	1.162
57893.38390	11.9154	0.0015	1.160
57893.38440	11.9228	0.0016	1.159
57893.38491	11.9182	0.0016	1.157
57893.38542	11.9166	0.0016	1.156
57893.38591	11.9131	0.0017	1.154
57893.38641	11.9248	0.0017	1.153
57893.38692	11.9160	0.0018	1.151
57893.38742	11.9213	0.0018	1.150
57893.38793	11.9126	0.0018	1.148
57893.38843	11.9219	0.0018	1.147
57893.38892	11.9199	0.0017	1.146
57893.38943	11.9234	0.0017	1.144
57893.38993	11.9206	0.0016	1.143
57893.39043	11.9214	0.0016	1.142
57893.39093	11.9171	0.0015	1.140
57893.39142	11.9168	0.0015	1.139
57893.39193	11.9228	0.0014	1.137
57893.39243	11.9215	0.0014	1.136
57893.39294	11.9172	0.0014	1.135
57893.39344	11.9192	0.0013	1.134
57893.39394	11.9227	0.0013	1.132
57893.39443	11.9202	0.0013	1.131
57893.39494	11.9241	0.0014	1.130
57893.39544	11.9157	0.0014	1.128
57893.39595	11.9192	0.0015	1.127
57893.39645	11.9157	0.0016	1.126
57893.39694	11.9128	0.0017	1.125
57893.39745	11.9238	0.0018	1.123
57893.39795	11.9152	0.0020	1.122
57893.39845	11.9223	0.0021	1.121
57893.39895	11.9189	0.0023	1.120
57893.39946	11.9123	0.0024	1.119
57893.39995	11.9162	0.0025	1.117
57893.40046	11.9191	0.0025	1.116
57893.40096	11.9140	0.0025	1.115
57893.40146	11.9139	0.0025	1.114
57893.40197	11.9208	0.0024	1.113
57893.40247	11.9214	0.0023	1.112
57893.40297	11.9066	0.0021	1.110
57893.40347	11.9212	0.0020	1.109
57893.40397	11.9190	0.0018	1.108
57893.40448	11.9212	0.0016	1.107
57893.40498	11.9189	0.0015	1.106
57893.40547	11.9202	0.0014	1.105
57893.40597	11.9190	0.0013	1.104
57893.40648	11.9225	0.0012	1.103
57893.40698	11.9196	0.0012	1.102
57893.40748	11.9225	0.0012	1.101
57893.40797	11.9211	0.0012	1.100
57893.40848	11.9144	0.0012	1.098
57893.40898	11.9160	0.0012	1.097
57893.40949	11.9230	0.0013	1.096
57893.40999	11.9211	0.0013	1.095
57893.41049	11.9236	0.0014	1.094
57893.41100	11.9167	0.0015	1.093
57893.41149	11.9084	0.0017	1.092
57893.41199	11.9213	0.0018	1.091
57893.41249	11.9261	0.0020	1.090
57893.41300	11.9162	0.0021	1.089
57893.41350	11.9188	0.0022	1.089
57893.41399	11.9156	0.0023	1.088
57893.41450	11.9150	0.0024	1.087
57893.41500	11.9219	0.0025	1.086
57893.41550	11.9223	0.0026	1.085
57893.41600	11.9144	0.0026	1.084
57893.41650	11.9188	0.0026	1.083
57893.41700	11.9171	0.0027	1.082
57893.41751	11.9177	0.0027	1.081
57893.41801	11.9236	0.0027	1.080
57893.41851	11.9196	0.0027	1.079
57893.41902	11.9219	0.0027	1.079
57893.41951	11.9159	0.0027	1.078
57893.42002	11.9199	0.0027	1.077
57893.42052	11.9110	0.0026	1.076
57893.42103	11.9173	0.0026	1.075
57893.42153	11.9187	0.0025	1.074
57893.42203	11.9163	0.0024	1.073
57893.42253	11.9169	0.0023	1.073
57893.42303	11.9169	0.0022	1.072
57893.42354	11.9125	0.0021	1.071
57893.42404	11.9214	0.0020	1.070
57893.42455	11.9183	0.0019	1.069
57893.42505	11.9167	0.0018	1.069
57893.42554	11.9152	0.0017	1.068
57893.42604	11.9179	0.0016	1.067
57893.42654	11.9191	0.0016	1.066
57893.42705	11.9236	0.0015	1.066
57893.42755	11.9131	0.0015	1.065
57893.42806	11.9181	0.0015	1.064
57893.42855	11.9167	0.0015	1.064
57893.42906	11.9270	0.0015	1.063
57893.42956	11.9167	0.0015	1.062
57893.43007	11.9177	0.0015	1.061
57893.43057	11.9258	0.0014	1.061
57893.43106	11.9262	0.0014	1.060
57893.43157	11.9208	0.0014	1.059
57893.43207	11.9145	0.0013	1.059
57893.43257	11.9204	0.0013	1.058
57893.43308	11.9180	0.0013	1.057
57893.43359	11.9218	0.0013	1.057
57893.43409	11.9198	0.0013	1.056
57893.43458	11.9270	0.0013	1.055
57893.43508	11.9240	0.0012	1.055
57893.43559	11.9174	0.0012	1.054
57893.43609	11.9116	0.0012	1.054
57893.43660	11.9115	0.0012	1.053
57893.43709	11.9117	0.0012	1.052
57893.43760	11.9118	0.0012	1.052
57893.43810	11.9177	0.0012	1.051
57893.43860	11.9187	0.0011	1.051
57893.43910	11.9168	0.0011	1.050
57893.43959	11.9237	0.0012	1.049
57893.44010	11.9131	0.0012	1.049
57893.44060	11.9146	0.0012	1.048
57893.44110	11.9208	0.0012	1.048
57893.44160	11.9175	0.0013	1.047
57893.44211	11.9173	0.0013	1.047
57893.44260	11.9229	0.0013	1.046
57893.44310	11.9126	0.0013	1.046
57893.44361	11.9159	0.0013	1.045
57893.44411	11.9134	0.0013	1.045
57893.44461	11.9237	0.0013	1.044
57893.44512	11.9216	0.0013	1.044
57893.44561	11.9177	0.0013	1.043
57893.44611	11.9144	0.0013	1.043
57893.44662	11.9152	0.0014	1.042
57893.44712	11.9190	0.0015	1.042
57893.44762	11.9191	0.0016	1.041
57893.44813	11.9175	0.0016	1.041
57893.44862	11.9116	0.0017	1.041
57893.44912	11.9230	0.0017	1.040
57893.44963	11.9175	0.0018	1.040
57893.45013	11.9171	0.0018	1.039
57893.45063	11.9207	0.0018	1.039
57893.45113	11.9220	0.0018	1.038
57893.45163	11.9156	0.0018	1.038
57893.45214	11.9145	0.0018	1.038
57893.45264	11.9193	0.0018	1.037
57893.45314	11.9112	0.0017	1.037
57893.45363	11.9196	0.0017	1.037
57893.45413	11.9118	0.0017	1.036
57893.45463	11.9187	0.0016	1.036
57893.45514	11.9200	0.0016	1.036
57893.45564	11.9245	0.0015	1.035
57893.45613	11.9188	0.0015	1.035
57893.45664	11.9165	0.0014	1.034
57893.45714	11.9112	0.0014	1.034
57893.45764	11.9208	0.0013	1.034
57893.45815	11.9223	0.0012	1.034
57893.45865	11.9107	0.0012	1.033
57893.45914	11.9118	0.0011	1.033
57893.45965	11.9165	0.0011	1.033
57893.46015	11.9163	0.0011	1.032
57893.46066	11.9207	0.0011	1.032
57893.46116	11.9143	0.0011	1.032
57893.46167	11.9190	0.0011	1.032
57893.46216	11.9206	0.0012	1.031
57893.46266	11.9232	0.0012	1.031
57893.46317	11.9139	0.0013	1.031
57893.46367	11.9239	0.0013	1.031
57893.46418	11.9200	0.0013	1.030
57893.46468	11.9162	0.0013	1.030
57893.46517	11.9220	0.0013	1.030
57893.46568	11.9164	0.0013	1.030
57893.46618	11.9230	0.0012	1.029
57893.46669	11.9135	0.0012	1.029
57893.46719	11.9137	0.0011	1.029
57893.46769	11.9089	0.0011	1.029
57893.46818	11.9107	0.0011	1.029
57893.46869	11.9199	0.0011	1.029
57893.46919	11.9231	0.0011	1.028
57893.46969	11.9170	0.0012	1.028
57893.47020	11.9248	0.0012	1.028
57893.47069	11.9128	0.0014	1.028
57893.47119	11.9159	0.0015	1.028
57893.47169	11.9069	0.0016	1.028
57893.47220	11.9185	0.0017	1.028
57893.47270	11.9227	0.0019	1.027
57893.47321	11.9207	0.0020	1.027
57893.47370	11.9166	0.0020	1.027
57893.47420	11.9229	0.0020	1.027
57893.47471	11.9127	0.0020	1.027
57893.47521	11.9100	0.0031	1.027
