12 header lines (incl this one)
Object: KIC846
UT Date for start of observations: 2017.09.26
Observer: B.Gary
Band: g'-band
Telescope: Meade 14" LX200-GPS
CCD: SBIG ST-10XME
Col 1: MJD (defined = JD - 2400000.5)
Col 2: g'-mag
Col 3: SE
Col 4: air mass

58022.09045	12.0863	0.0010	1.046
58022.09095	12.0889	0.0010	1.046
58022.09146	12.0881	0.0010	1.045
58022.09197	12.0933	0.0008	1.045
58022.09247	12.0871	0.0009	1.044
58022.09297	12.0875	0.0010	1.044
58022.09348	12.0834	0.0010	1.043
58022.09399	12.0835	0.0010	1.043
58022.09449	12.0892	0.0011	1.042
58022.09500	12.0894	0.0010	1.042
58022.09550	12.0865	0.0010	1.041
58022.09600	12.0895	0.0010	1.041
58022.09650	12.0864	0.0009	1.040
58022.09701	12.0883	0.0009	1.040
58022.09752	12.0873	0.0008	1.040
58022.09803	12.0926	0.0008	1.039
58022.09853	12.0882	0.0008	1.039
58022.09904	12.0882	0.0008	1.038
58022.09955	12.0863	0.0008	1.038
58022.10005	12.0947	0.0008	1.038
58022.10054	12.0873	0.0009	1.037
58022.10105	12.0895	0.0009	1.037
58022.10155	12.0829	0.0009	1.036
58022.10205	12.0873	0.0009	1.036
58022.10256	12.0921	0.0009	1.036
58022.10308	12.0913	0.0009	1.035
58022.10358	12.0924	0.0009	1.035
58022.10409	12.0870	0.0009	1.035
58022.10458	12.0863	0.0009	1.034
58022.10509	12.0795	0.0010	1.034
58022.10559	12.0849	0.0010	1.034
58022.10610	12.0817	0.0010	1.033
58022.10661	12.0846	0.0011	1.033
58022.10711	12.0895	0.0011	1.033
58022.10760	12.0923	0.0012	1.033
58022.10811	12.0897	0.0012	1.032
58022.10862	12.0842	0.0012	1.032
58022.10913	12.0883	0.0013	1.032
58022.10964	12.0861	0.0013	1.031
58022.11014	12.0890	0.0013	1.031
58022.11064	12.0843	0.0013	1.031
58022.11115	12.0885	0.0014	1.031
58022.11167	12.0875	0.0014	1.030
58022.11218	12.0830	0.0014	1.030
58022.11267	12.0915	0.0014	1.030
58022.11318	12.0887	0.0014	1.030
58022.11369	12.0918	0.0014	1.030
58022.11420	12.0879	0.0014	1.029
58022.11471	12.0911	0.0014	1.029
58022.11522	12.0863	0.0014	1.029
58022.11573	12.0828	0.0014	1.029
58022.11623	12.0873	0.0014	1.029
58022.11674	12.0858	0.0014	1.028
58022.11725	12.0863	0.0014	1.028
58022.11774	12.0934	0.0014	1.028
58022.11825	12.0901	0.0014	1.028
58022.11876	12.0888	0.0014	1.028
58022.11927	12.0890	0.0014	1.028
58022.11978	12.0880	0.0013	1.028
58022.12024	12.0907	0.0013	1.027
58022.12075	12.0895	0.0013	1.027
58022.12125	12.0886	0.0014	1.027
58022.12176	12.0902	0.0014	1.027
58022.12227	12.0850	0.0014	1.027
58022.12277	12.0811	0.0014	1.027
58022.12329	12.0891	0.0014	1.027
58022.12378	12.0911	0.0014	1.027
58022.12429	12.0933	0.0014	1.027
58022.12479	12.0854	0.0014	1.027
58022.12530	12.0860	0.0014	1.027
58022.12580	12.0891	0.0014	1.027
58022.12631	12.0890	0.0014	1.026
58022.12681	12.0878	0.0013	1.026
58022.12731	12.0816	0.0013	1.026
58022.12782	12.0891	0.0012	1.026
58022.12834	12.0899	0.0012	1.026
58022.12884	12.0833	0.0011	1.026
58022.12935	12.0894	0.0011	1.026
58022.12985	12.0821	0.0011	1.026
58022.13036	12.0921	0.0010	1.026
58022.13087	12.0912	0.0010	1.026
58022.13138	12.0870	0.0010	1.026
58022.13187	12.0842	0.0009	1.026
58022.13240	12.0885	0.0009	1.026
58022.13289	12.0862	0.0009	1.026
58022.13340	12.0882	0.0009	1.027
58022.13387	12.0905	0.0009	1.027
58022.13437	12.0932	0.0009	1.027
58022.13488	12.0913	0.0009	1.027
58022.13538	12.0910	0.0010	1.027
58022.13589	12.0905	0.0010	1.027
58022.13640	12.0867	0.0011	1.027
58022.13691	12.0871	0.0012	1.027
58022.13742	12.0953	0.0013	1.027
58022.13792	12.0849	0.0014	1.027
58022.13841	12.0925	0.0014	1.027
58022.13892	12.0862	0.0015	1.027
58022.13943	12.0796	0.0015	1.028
58022.13994	12.0803	0.0016	1.028
58022.14044	12.0848	0.0016	1.028
58022.14095	12.0884	0.0016	1.028
58022.14146	12.0892	0.0015	1.028
58022.14197	12.0871	0.0015	1.028
58022.14248	12.0816	0.0014	1.028
58022.14297	12.0939	0.0014	1.029
58022.14351	12.0874	0.0013	1.029
58022.14400	12.0867	0.0013	1.029
58022.14451	12.0907	0.0013	1.029
58022.14502	12.0946	0.0013	1.029
58022.14551	12.0856	0.0013	1.030
58022.14600	12.0903	0.0013	1.030
58022.14649	12.0822	0.0013	1.030
58022.14700	12.0838	0.0014	1.030
58022.14750	12.0898	0.0014	1.030
58022.14802	12.0917	0.0014	1.031
58022.14852	12.0943	0.0015	1.031
58022.14902	12.0889	0.0015	1.031
58022.14953	12.0886	0.0015	1.031
58022.15002	12.0873	0.0015	1.032
58022.15053	12.0867	0.0015	1.032
58022.15104	12.0843	0.0014	1.032
58022.15154	12.0823	0.0014	1.032
58022.15206	12.0828	0.0014	1.033
58022.15256	12.0856	0.0013	1.033
58022.15307	12.0924	0.0012	1.033
58022.15354	12.0969	0.0012	1.034
58022.15404	12.0822	0.0011	1.034
58022.15455	12.0870	0.0010	1.034
58022.15506	12.0901	0.0009	1.035
58022.15557	12.0876	0.0009	1.035
58022.15608	12.0845	0.0009	1.035
58022.15659	12.0855	0.0009	1.036
58022.15709	12.0893	0.0009	1.036
58022.15760	12.0896	0.0010	1.036
58022.15811	12.0858	0.0010	1.037
58022.15863	12.0859	0.0011	1.037
58022.15914	12.0918	0.0011	1.037
58022.15964	12.0896	0.0012	1.038
58022.16015	12.0868	0.0012	1.038
58022.16066	12.0846	0.0012	1.039
58022.16116	12.0867	0.0012	1.039
58022.16168	12.0914	0.0012	1.039
58022.16218	12.0838	0.0012	1.040
58022.16269	12.0873	0.0012	1.040
58022.16319	12.0861	0.0012	1.041
58022.16370	12.0955	0.0013	1.041
58022.16421	12.0854	0.0013	1.042
58022.16473	12.0859	0.0013	1.042
58022.16524	12.0845	0.0012	1.043
58022.16575	12.0890	0.0012	1.043
58022.16626	12.0862	0.0012	1.044
58022.16677	12.0925	0.0012	1.044
58022.16728	12.0855	0.0011	1.045
58022.16779	12.0901	0.0010	1.045
58022.16830	12.0921	0.0010	1.046
58022.16880	12.0867	0.0009	1.046
58022.16931	12.0879	0.0009	1.047
58022.16983	12.0866	0.0009	1.047
58022.17034	12.0884	0.0009	1.048
58022.17084	12.0857	0.0009	1.048
58022.17135	12.0875	0.0009	1.049
58022.17186	12.0806	0.0010	1.049
58022.17237	12.0900	0.0010	1.050
58022.17288	12.0882	0.0011	1.050
58022.17339	12.0880	0.0012	1.051
58022.17390	12.0876	0.0013	1.052
58022.17441	12.0899	0.0013	1.052
58022.17492	12.0865	0.0014	1.053
58022.17543	12.0869	0.0014	1.053
58022.17594	12.0846	0.0014	1.054
58022.17645	12.0911	0.0014	1.055
58022.17696	12.0917	0.0015	1.055
58022.17747	12.0851	0.0015	1.056
58022.17797	12.0845	0.0014	1.057
58022.17850	12.0834	0.0014	1.057
58022.17900	12.0818	0.0015	1.058
58022.17950	12.0908	0.0014	1.059
58022.18001	12.0887	0.0014	1.059
58022.18052	12.0842	0.0014	1.060
58022.18104	12.0825	0.0014	1.061
58022.18155	12.0904	0.0014	1.061
58022.18206	12.0878	0.0014	1.062
58022.18256	12.0853	0.0013	1.063
58022.18306	12.0830	0.0013	1.064
58022.18356	12.0877	0.0012	1.064
58022.18406	12.0860	0.0011	1.065
58022.18458	12.0819	0.0011	1.066
58022.18509	12.0890	0.0010	1.067
58022.18559	12.0901	0.0009	1.067
58022.18610	12.0869	0.0009	1.068
58022.18661	12.0856	0.0008	1.069
58022.18712	12.0864	0.0008	1.070
58022.18762	12.0842	0.0009	1.070
58022.18812	12.0828	0.0009	1.071
58022.18863	12.0861	0.0009	1.072
58022.18914	12.0869	0.0010	1.073
58022.18965	12.0885	0.0010	1.074
58022.19016	12.0871	0.0010	1.074
58022.19066	12.0836	0.0010	1.075
58022.19116	12.0827	0.0010	1.076
58022.19167	12.0848	0.0010	1.077
58022.19216	12.0892	0.0010	1.078
58022.19267	12.0840	0.0009	1.079
58022.19318	12.0826	0.0009	1.080
58022.19369	12.0878	0.0009	1.081
58022.19421	12.0807	0.0010	1.081
58022.19471	12.0885	0.0010	1.082
58022.19522	12.0875	0.0010	1.083
58022.19573	12.0897	0.0011	1.084
58022.19623	12.0863	0.0012	1.085
58022.19674	12.0833	0.0012	1.086
58022.19723	12.0832	0.0013	1.087
58022.19774	12.0868	0.0013	1.088
58022.19825	12.0844	0.0013	1.089
58022.19876	12.0937	0.0013	1.090
58022.19926	12.0868	0.0013	1.091
58022.19972	12.0878	0.0013	1.092
58022.20023	12.0911	0.0012	1.093
58022.20074	12.0901	0.0011	1.094
58022.20125	12.0847	0.0011	1.095
58022.20176	12.0839	0.0010	1.096
58022.20226	12.0877	0.0010	1.097
58022.20277	12.0867	0.0010	1.098
58022.20328	12.0822	0.0010	1.099
58022.20378	12.0905	0.0010	1.100
58022.20429	12.0866	0.0010	1.101
58022.20480	12.0828	0.0011	1.102
58022.20531	12.0835	0.0011	1.103
58022.20582	12.0858	0.0011	1.104
58022.20633	12.0949	0.0012	1.105
58022.20684	12.0857	0.0012	1.106
58022.20735	12.0874	0.0012	1.108
58022.20786	12.0887	0.0012	1.109
58022.20837	12.0886	0.0012	1.110
58022.20887	12.0930	0.0012	1.111
58022.20939	12.0904	0.0012	1.112
58022.20988	12.0872	0.0012	1.113
58022.21039	12.0839	0.0012	1.114
58022.21090	12.0850	0.0012	1.116
58022.21138	12.0840	0.0012	1.117
58022.21189	12.0865	0.0012	1.118
58022.21238	12.0847	0.0013	1.119
58022.24273	12.0945	0.0013	1.210
58022.24323	12.0933	0.0013	1.212
58022.24374	12.0965	0.0014	1.214
58022.24421	12.0919	0.0014	1.216
58022.24472	12.0937	0.0015	1.218
58022.24523	12.0923	0.0016	1.220
58022.24574	12.0921	0.0017	1.221
58022.24624	12.0911	0.0017	1.223
58022.24674	12.0913	0.0018	1.225
58022.24725	12.0905	0.0018	1.227
58022.24775	12.0849	0.0019	1.229
58022.24825	12.0924	0.0019	1.231
58022.24876	12.0895	0.0019	1.233
58022.24927	12.0864	0.0018	1.235
58022.24977	12.0933	0.0018	1.237
58022.25028	12.0851	0.0018	1.239
58022.25079	12.0933	0.0017	1.241
58022.25128	12.0916	0.0016	1.243
58022.25178	12.0930	0.0016	1.246
58022.25229	12.0965	0.0015	1.248
58022.25280	12.0902	0.0015	1.250
58022.25331	12.0960	0.0015	1.252
58022.25382	12.0916	0.0014	1.254
58022.25433	12.0899	0.0014	1.256
58022.25483	12.0844	0.0014	1.258
58022.25534	12.0910	0.0014	1.261
58022.25584	12.0899	0.0014	1.263
58022.25634	12.0943	0.0014	1.265
58022.25684	12.0900	0.0014	1.267
58022.25735	12.0948	0.0014	1.269
58022.25785	12.0881	0.0013	1.272
58022.25836	12.0908	0.0013	1.274
58022.25887	12.0941	0.0013	1.276
58022.25937	12.0937	0.0013	1.279
58022.25987	12.0967	0.0012	1.281
58022.26037	12.0865	0.0011	1.283
58022.26084	12.0912	0.0011	1.285
58022.26135	12.0937	0.0011	1.288
58022.26186	12.0879	0.0011	1.290
58022.26236	12.0924	0.0012	1.293
58022.26286	12.0910	0.0012	1.295
58022.26337	12.0899	0.0013	1.297
58022.26387	12.0885	0.0013	1.300
58022.26439	12.0941	0.0014	1.302
58022.26488	12.0887	0.0014	1.305
58022.26538	12.0986	0.0014	1.307
58022.26588	12.0956	0.0014	1.310
58022.26638	12.0968	0.0014	1.312
58022.26690	12.0954	0.0014	1.315
58022.26740	12.0926	0.0014	1.317
58022.26789	12.0896	0.0013	1.320
58022.26839	12.0838	0.0013	1.322
58022.26890	12.0917	0.0013	1.325
58022.26941	12.0936	0.0013	1.328
58022.26992	12.0955	0.0014	1.330
58022.27043	12.0958	0.0014	1.333
58022.27094	12.0873	0.0014	1.336
58022.27144	12.0860	0.0014	1.338
58022.27194	12.0848	0.0015	1.341
58022.27244	12.0936	0.0015	1.344
58022.27295	12.0925	0.0016	1.347
58022.27345	12.0965	0.0016	1.349
58022.27396	12.0939	0.0016	1.352
58022.27447	12.0936	0.0016	1.355
58022.27498	12.0889	0.0016	1.358
58022.27549	12.0981	0.0015	1.361
58022.27600	12.0893	0.0015	1.363
58022.27650	12.0914	0.0015	1.366
58022.27700	12.0885	0.0015	1.369
58022.27751	12.0886	0.0015	1.372
58022.27803	12.0937	0.0015	1.375
58022.27854	12.0998	0.0015	1.378
58022.27905	12.0854	0.0016	1.381
58022.27955	12.0932	0.0016	1.384
58022.28006	12.0983	0.0017	1.387
58022.28057	12.0921	0.0018	1.390
58022.28108	12.0880	0.0018	1.393
58022.28159	12.0875	0.0018	1.396
58022.28208	12.0916	0.0018	1.399
58022.28259	12.0848	0.0017	1.403
58022.28310	12.0948	0.0017	1.406
58022.28361	12.0913	0.0017	1.409
58022.28412	12.1005	0.0016	1.412
58022.28463	12.0927	0.0016	1.415
58022.28514	12.0889	0.0016	1.419
58022.28564	12.0908	0.0015	1.422
58022.28615	12.0915	0.0015	1.425
58022.28662	12.0929	0.0015	1.428
58022.28713	12.0906	0.0015	1.432
58022.28760	12.0892	0.0016	1.435
58022.28811	12.0907	0.0016	1.438
58022.28861	12.0859	0.0017	1.441
58022.28911	12.0932	0.0017	1.445
58022.28962	12.0922	0.0016	1.448
58022.29012	12.0949	0.0016	1.452
58022.29061	12.0908	0.0015	1.455
58022.29113	12.0882	0.0025	1.459
