12 header lines (incl this one)
Object: KIC846
UT Date for start of observations: 2017.10.27
Observer: B.Gary
Band: g'-band, 16 ref star calibration 
Telescope: Meade 14" LX200-GPS, no FR
CCD: SBIG ST-10XME
Col 1: MJD (defined = JD - 2400000.5)
Col 2: g'-mag
Col 3: SE
Col 4: air mass

58053.05391	12.0695	0.0020	1.027
58053.05440	12.0757	0.0019	1.027
58053.05488	12.0748	0.0024	1.028
58053.05536	12.0760	0.0025	1.028
58053.05584	12.0726	0.0025	1.028
58053.05632	12.0758	0.0025	1.028
58053.05679	12.0785	0.0024	1.028
58053.05727	12.0757	0.0023	1.028
58053.05775	12.0833	0.0021	1.028
58053.05824	12.0732	0.0019	1.029
58053.05873	12.0763	0.0018	1.029
58053.05920	12.0687	0.0017	1.029
58053.05969	12.0867	0.0017	1.029
58053.06017	12.0732	0.0017	1.029
58053.06065	12.0742	0.0017	1.029
58053.06113	12.0754	0.0017	1.030
58053.06161	12.0775	0.0017	1.030
58053.06208	12.0792	0.0017	1.030
58053.06257	12.0720	0.0017	1.030
58053.06306	12.0750	0.0017	1.030
58053.06354	12.0755	0.0017	1.031
58053.06402	12.0735	0.0016	1.031
58053.06450	12.0829	0.0016	1.031
58053.06498	12.0766	0.0015	1.031
58053.06546	12.0788	0.0015	1.032
58053.06594	12.0793	0.0014	1.032
58053.06642	12.0722	0.0013	1.032
58053.06692	12.0728	0.0012	1.032
58053.06741	12.0779	0.0011	1.033
58053.06789	12.0744	0.0011	1.033
58053.06837	12.0743	0.0011	1.033
58053.06884	12.0765	0.0010	1.034
58053.06932	12.0766	0.0010	1.034
58053.06980	12.0843	0.0010	1.034
58053.07029	12.0738	0.0010	1.034
58053.07076	12.0724	0.0010	1.035
58053.07125	12.0777	0.0009	1.035
58053.07174	12.0777	0.0009	1.035
58053.07221	12.0708	0.0009	1.036
58053.07270	12.0738	0.0009	1.036
58053.07318	12.0670	0.0009	1.036
58053.07367	12.0725	0.0009	1.037
58053.07414	12.0759	0.0009	1.037
58053.07463	12.0823	0.0009	1.038
58053.07512	12.0748	0.0010	1.038
58053.07560	12.0752	0.0010	1.038
58053.07608	12.0823	0.0011	1.039
58053.07655	12.0765	0.0012	1.039
58053.07704	12.0721	0.0014	1.039
58053.07751	12.0720	0.0015	1.040
58053.07799	12.0855	0.0016	1.040
58053.07847	12.0836	0.0017	1.041
58053.07896	12.0752	0.0017	1.041
58053.07943	12.0806	0.0017	1.042
58053.07992	12.0743	0.0017	1.042
58053.08039	12.0758	0.0017	1.042
58053.08088	12.0803	0.0016	1.043
58053.08137	12.0696	0.0015	1.043
58053.08184	12.0759	0.0014	1.044
58053.08280	12.0784	0.0013	1.045
58053.08329	12.0737	0.0012	1.045
58053.08377	12.0741	0.0012	1.046
58053.08426	12.0683	0.0012	1.046
58053.08473	12.0764	0.0012	1.047
58053.08521	12.0782	0.0013	1.047
58053.08569	12.0867	0.0013	1.048
58053.08618	12.0730	0.0014	1.048
58053.08667	12.0723	0.0014	1.049
58053.08714	12.0688	0.0014	1.049
58053.08763	12.0812	0.0015	1.050
58053.08811	12.0730	0.0015	1.050
58053.08860	12.0763	0.0015	1.051
58053.08909	12.0739	0.0015	1.051
58053.08957	12.0696	0.0014	1.052
58053.09006	12.0778	0.0015	1.053
58053.09053	12.0778	0.0015	1.053
58053.09102	12.0826	0.0015	1.054
58053.09149	12.0826	0.0016	1.054
58053.09198	12.0758	0.0016	1.055
58053.09245	12.0793	0.0016	1.056
58053.09293	12.0796	0.0017	1.056
58053.09340	12.0759	0.0017	1.057
58053.09388	12.0709	0.0017	1.057
58053.09436	12.0734	0.0017	1.058
58053.09484	12.0708	0.0017	1.059
58053.09532	12.0747	0.0016	1.059
58053.09580	12.0773	0.0016	1.060
58053.09628	12.0814	0.0016	1.061
58053.09677	12.0766	0.0017	1.061
58053.09726	12.0814	0.0017	1.062
58053.09774	12.0731	0.0017	1.063
58053.09822	12.0778	0.0018	1.063
58053.09870	12.0771	0.0018	1.064
58053.09918	12.0871	0.0018	1.065
58053.09966	12.0744	0.0018	1.065
58053.10015	12.0747	0.0018	1.066
58053.10065	12.0787	0.0018	1.067
58053.10112	12.0806	0.0017	1.068
58053.10160	12.0764	0.0017	1.068
58053.10208	12.0805	0.0016	1.069
58053.10257	12.0708	0.0016	1.070
58053.10306	12.0770	0.0015	1.071
58053.10354	12.0819	0.0015	1.071
58053.10403	12.0766	0.0014	1.072
58053.10451	12.0811	0.0014	1.073
58053.10499	12.0745	0.0013	1.074
58053.10547	12.0771	0.0012	1.074
58053.10596	12.0777	0.0012	1.075
58053.10645	12.0743	0.0011	1.076
58053.10692	12.0784	0.0011	1.077
58053.10741	12.0764	0.0011	1.078
58053.10788	12.0814	0.0011	1.078
58053.10837	12.0764	0.0010	1.079
58053.10884	12.0768	0.0011	1.080
58053.10933	12.0775	0.0011	1.081
58053.10979	12.0767	0.0011	1.082
58053.11028	12.0749	0.0011	1.083
58053.11075	12.0738	0.0011	1.084
58053.11124	12.0753	0.0012	1.084
58053.11172	12.0775	0.0012	1.085
58053.11221	12.0751	0.0012	1.086
58053.11269	12.0773	0.0012	1.087
58053.11316	12.0770	0.0013	1.088
58053.11365	12.0811	0.0013	1.089
58053.11413	12.0787	0.0011	1.090
58053.11461	12.0774	0.0011	1.091
58053.11509	.	0.0012	1.092
58053.11558	12.0742	0.0012	1.093
58053.11606	12.0735	0.0012	1.094
58053.11654	12.0770	0.0015	1.095
58053.11704	12.0752	0.0015	1.096
58053.11751	12.0800	0.0015	1.097
58053.11800	12.0714	0.0014	1.098
58053.11848	12.0800	0.0014	1.099
58053.11895	12.0743	0.0013	1.099
58053.11943	12.0772	0.0012	1.101
58053.11993	12.0739	0.0012	1.102
58053.12042	12.0840	0.0012	1.103
58053.12089	12.0775	0.0012	1.104
58053.12137	12.0811	0.0012	1.105
58053.12185	12.0718	0.0013	1.106
58053.12233	12.0779	0.0014	1.107
58053.12281	12.0771	0.0015	1.108
58053.12330	12.0795	0.0016	1.109
58053.12378	12.0816	0.0017	1.110
58053.12426	12.0736	0.0018	1.111
58053.12473	12.0749	0.0018	1.112
58053.12522	12.0745	0.0018	1.113
58053.12571	12.0776	0.0018	1.114
58053.12619	12.0715	0.0018	1.115
58053.12666	12.0815	0.0017	1.117
58053.12714	12.0844	0.0016	1.118
58053.12760	12.0758	0.0015	1.119
58053.12809	12.0740	0.0014	1.120
58053.12856	12.0818	0.0013	1.121
58053.12904	12.0791	0.0013	1.122
58053.12953	12.0786	0.0013	1.123
58053.13001	12.0795	0.0013	1.125
58053.13050	12.0762	0.0013	1.126
58053.13098	12.0721	0.0013	1.127
58053.13196	12.0736	0.0014	1.130
58053.13243	12.0780	0.0015	1.131
58053.13292	12.0741	0.0016	1.132
58053.13340	12.0777	0.0016	1.133
58053.13388	12.0785	0.0016	1.135
58053.13436	12.0688	0.0016	1.136
58053.13484	12.0820	0.0016	1.137
58053.13531	12.0848	0.0016	1.138
58053.13580	12.0822	0.0016	1.140
58053.13628	12.0790	0.0015	1.141
58053.13677	12.0756	0.0015	1.142
58053.13725	12.0817	0.0015	1.144
58053.13773	12.0754	0.0014	1.145
58053.13821	12.0768	0.0014	1.146
58053.13869	12.0717	0.0015	1.148
58053.13918	12.0782	0.0015	1.149
58053.13966	12.0759	0.0015	1.150
58053.14014	12.0744	0.0015	1.152
58053.14061	12.0867	0.0016	1.153
58053.14110	12.0815	0.0016	1.154
58053.14159	12.0844	0.0017	1.156
58053.14207	12.0789	0.0017	1.157
58053.14255	12.0806	0.0017	1.159
58053.14303	12.0718	0.0016	1.160
58053.14352	12.0770	0.0016	1.162
58053.14399	12.0816	0.0015	1.163
58053.14448	12.0801	0.0014	1.165
58053.14495	12.0752	0.0014	1.166
58053.14544	12.0798	0.0013	1.168
58053.14593	12.0742	0.0012	1.169
58053.14640	12.0781	0.0012	1.171
58053.14688	12.0822	0.0012	1.172
58053.14737	12.0812	0.0013	1.174
58053.14785	12.0820	0.0014	1.175
58053.14833	12.0771	0.0015	1.177
58053.14882	12.0763	0.0016	1.178
58053.14931	12.0783	0.0018	1.180
58053.14979	12.0815	0.0019	1.181
58053.15028	12.0803	0.0019	1.183
58053.15075	12.0757	0.0020	1.185
58053.15123	12.0785	0.0020	1.186
58053.15170	12.0731	0.0020	1.188
58053.15218	12.0797	0.0021	1.189
58053.15266	12.0821	0.0021	1.191
58053.15315	12.0763	0.0020	1.193
58053.15363	12.0791	0.0020	1.194
58053.15412	12.0781	0.0020	1.196
58053.15461	12.0773	0.0020	1.198
58053.15508	12.0784	0.0020	1.199
58053.15557	12.0738	0.0019	1.201
58053.15604	12.0770	0.0019	1.203
58053.15653	12.0808	0.0018	1.205
58053.15701	12.0746	0.0017	1.206
58053.15749	12.0799	0.0017	1.208
58053.15797	12.0791	0.0016	1.210
58053.15846	12.0785	0.0015	1.212
58053.15895	12.0757	0.0014	1.213
58053.15943	12.0784	0.0014	1.215
58053.15992	12.0755	0.0014	1.217
58053.16041	12.0813	0.0013	1.219
58053.16088	12.0762	0.0011	1.221
58053.16137	12.0795	0.0011	1.223
58053.16185	.	0.0011	1.224
58053.16234	12.0829	0.0011	1.226
58053.16281	12.0791	0.0012	1.228
58053.16331	12.0811	0.0015	1.230
58053.16378	12.0751	0.0015	1.232
58053.16427	12.0798	0.0016	1.234
58053.16476	12.0854	0.0016	1.236
58053.16524	12.0823	0.0017	1.238
58053.16572	12.0801	0.0018	1.240
58053.16620	12.0786	0.0018	1.242
58053.16669	12.0774	0.0018	1.244
58053.16718	12.0855	0.0017	1.246
58053.16765	12.0798	0.0029	1.248
