12 header lines (incl this one)
Object: KIC846
UT Date for start of observations: 2017.10.25
Observer: B.Gary
Band: g'-band, 19 ref star calibration 
Telescope: Meade 14" LX200-GPS, no FR
CCD: SBIG ST-10XME
Col 1: MJD (defined = JD - 2400000.5)
Col 2: g'-mag
Col 3: SE
Col 4: air mass

58051.05862	12.0799	0.0012	1.027
58051.05910	12.0831	0.0012	1.027
58051.05958	12.0744	0.0012	1.027
58051.06007	12.0815	0.0012	1.027
58051.06056	12.0780	0.0012	1.028
58051.06103	12.0742	0.0012	1.028
58051.06150	12.0752	0.0012	1.028
58051.06199	12.0804	0.0012	1.028
58051.06247	12.0813	0.0011	1.028
58051.06294	12.0796	0.0011	1.028
58051.06343	12.0718	0.0011	1.028
58051.06391	12.0755	0.0011	1.029
58051.06440	12.0729	0.0011	1.029
58051.06487	12.0775	0.0011	1.029
58051.06536	12.0846	0.0011	1.029
58051.06582	12.0831	0.0011	1.029
58051.06631	12.0789	0.0012	1.030
58051.06679	12.0809	0.0012	1.030
58051.06728	12.0869	0.0012	1.030
58051.06775	12.0743	0.0012	1.030
58051.06823	12.0803	0.0012	1.030
58051.06872	12.0773	0.0012	1.031
58051.06919	12.0788	0.0012	1.031
58051.06969	12.0834	0.0012	1.031
58051.07016	12.0758	0.0012	1.031
58051.07064	12.0786	0.0013	1.032
58051.07112	12.0793	0.0013	1.032
58051.07161	12.0821	0.0013	1.032
58051.07209	12.0847	0.0014	1.032
58051.07258	12.0800	0.0014	1.033
58051.07306	12.0774	0.0015	1.033
58051.07353	12.0692	0.0015	1.033
58051.07400	12.0748	0.0016	1.033
58051.07449	12.0724	0.0017	1.034
58051.07498	12.0812	0.0017	1.034
58051.07546	12.0840	0.0017	1.034
58051.07595	12.0845	0.0017	1.035
58051.07642	12.0814	0.0017	1.035
58051.07691	12.0783	0.0016	1.035
58051.07738	12.0785	0.0016	1.036
58051.07786	12.0815	0.0016	1.036
58051.07836	12.0776	0.0015	1.036
58051.07883	12.0805	0.0014	1.037
58051.07980	12.0847	0.0013	1.037
58051.08028	12.0845	0.0012	1.038
58051.08076	12.0800	0.0011	1.038
58051.08125	12.0754	0.0011	1.038
58051.08174	12.0782	0.0011	1.039
58051.08221	12.0825	0.0011	1.039
58051.08270	12.0746	0.0010	1.040
58051.08318	12.0774	0.0010	1.040
58051.08367	12.0828	0.0010	1.040
58051.08416	12.0799	0.0010	1.041
58051.08464	12.0829	0.0011	1.041
58051.08512	12.0792	0.0011	1.042
58051.08560	12.0747	0.0011	1.042
58051.08609	12.0802	0.0012	1.043
58051.08657	12.0760	0.0012	1.043
58051.08706	12.0746	0.0012	1.044
58051.08755	12.0770	0.0013	1.044
58051.08803	12.0751	0.0013	1.044
58051.08851	12.0753	0.0013	1.045
58051.08900	12.0738	0.0013	1.045
58051.08948	12.0774	0.0013	1.046
58051.08997	12.0821	0.0013	1.046
58051.09045	12.0784	0.0013	1.047
58051.09094	12.0830	0.0013	1.047
58051.09142	12.0788	0.0013	1.048
58051.09191	12.0833	0.0013	1.049
58051.09240	12.0819	0.0012	1.049
58051.09288	12.0829	0.0012	1.050
58051.09337	12.0835	0.0012	1.050
58051.09385	12.0759	0.0012	1.051
58051.09433	12.0792	0.0011	1.051
58051.09481	12.0830	0.0011	1.052
58051.09530	12.0835	0.0011	1.052
58051.09579	12.0808	0.0011	1.053
58051.09627	12.0860	0.0011	1.054
58051.09675	12.0802	0.0012	1.054
58051.09723	12.0783	0.0012	1.055
58051.09772	12.0760	0.0012	1.055
58051.09821	12.0838	0.0013	1.056
58051.09868	12.0798	0.0013	1.057
58051.09916	12.0840	0.0013	1.057
58051.09964	12.0780	0.0014	1.058
58051.10013	12.0780	0.0013	1.058
58051.10061	12.0785	0.0013	1.059
58051.10109	12.0796	0.0013	1.060
58051.10157	12.0815	0.0012	1.060
58051.10206	12.0813	0.0012	1.061
58051.10255	12.0764	0.0011	1.062
58051.10302	12.0719	0.0011	1.062
58051.10350	12.0804	0.0011	1.063
58051.10398	12.0753	0.0011	1.064
58051.10446	12.0750	0.0012	1.064
58051.10494	12.0779	0.0012	1.065
58051.10543	12.0788	0.0013	1.066
58051.10591	12.0821	0.0014	1.067
58051.10640	12.0792	0.0014	1.067
58051.10689	12.0726	0.0015	1.068
58051.10737	12.0799	0.0015	1.069
58051.10785	12.0764	0.0015	1.069
58051.10833	12.0796	0.0014	1.070
58051.10881	12.0763	0.0014	1.071
58051.10929	12.0756	0.0013	1.072
58051.10977	12.0737	0.0013	1.073
58051.11024	12.0791	0.0012	1.073
58051.11073	12.0770	0.0011	1.074
58051.11122	12.0786	0.0011	1.075
58051.11169	12.0777	0.0010	1.076
58051.11216	12.0722	0.0010	1.076
58051.11265	12.0777	0.0010	1.077
58051.11313	12.0806	0.0011	1.078
58051.11360	12.0766	0.0011	1.079
58051.11407	12.0795	0.0011	1.080
58051.11455	12.0778	0.0011	1.081
58051.11503	12.0787	0.0011	1.081
58051.11552	12.0742	0.0010	1.082
58051.11600	12.0765	0.0010	1.083
58051.11647	12.0785	0.0010	1.084
58051.11694	12.0838	0.0010	1.085
58051.11743	12.0791	0.0010	1.086
58051.11792	12.0810	0.0010	1.087
58051.11840	12.0753	0.0011	1.088
58051.11888	12.0731	0.0011	1.088
58051.11936	12.0779	0.0012	1.089
58051.11985	12.0759	0.0013	1.090
58051.12032	12.0759	0.0014	1.091
58051.12081	12.0773	0.0014	1.092
58051.12130	12.0839	0.0015	1.093
58051.12178	12.0762	0.0015	1.094
58051.12227	12.0837	0.0016	1.095
58051.12275	12.0785	0.0016	1.096
58051.12323	12.0769	0.0016	1.097
58051.12370	12.0709	0.0016	1.098
58051.12418	12.0769	0.0016	1.099
58051.12466	12.0812	0.0016	1.100
58051.12515	12.0820	0.0016	1.101
58051.12564	12.0797	0.0016	1.102
58051.12612	12.0840	0.0015	1.103
58051.12660	12.0727	0.0015	1.104
58051.12708	12.0843	0.0014	1.105
58051.12756	12.0700	0.0013	1.106
58051.12804	12.0738	0.0012	1.107
58051.12852	12.0864	0.0011	1.108
58051.12900	12.0802	0.0011	1.109
58051.12949	12.0799	0.0010	1.111
58051.12998	12.0778	0.0009	1.112
58051.13046	12.0804	0.0009	1.113
58051.13144	12.0860	0.0009	1.115
58051.13192	12.0750	0.0009	1.116
58051.13240	12.0770	0.0010	1.117
58051.13288	12.0774	0.0010	1.118
58051.13337	12.0795	0.0010	1.120
58051.13385	12.0779	0.0011	1.121
58051.13433	12.0735	0.0011	1.122
58051.13480	12.0791	0.0011	1.123
58051.13529	12.0809	0.0011	1.124
58051.13578	12.0772	0.0011	1.125
58051.13625	12.0779	0.0011	1.127
58051.13672	12.0770	0.0011	1.128
58051.13721	12.0778	0.0011	1.129
58051.13770	12.0848	0.0011	1.130
58051.13817	12.0769	0.0011	1.131
58051.13866	12.0703	0.0011	1.133
58051.13914	12.0837	0.0012	1.134
58051.13963	12.0713	0.0012	1.135
58051.14010	12.0744	0.0013	1.137
58051.14059	12.0827	0.0014	1.138
58051.14108	12.0821	0.0014	1.139
58051.14156	12.0757	0.0015	1.140
58051.14205	12.0847	0.0015	1.142
58051.14253	12.0731	0.0016	1.143
58051.14302	12.0787	0.0016	1.144
58051.14351	12.0819	0.0016	1.146
58051.14399	12.0785	0.0016	1.147
58051.14447	12.0761	0.0015	1.148
58051.14495	12.0794	0.0014	1.150
58051.14543	12.0797	0.0014	1.151
58051.14590	12.0788	0.0013	1.153
58051.14639	12.0784	0.0011	1.154
58051.14688	12.0794	0.0010	1.155
58051.14737	12.0858	0.0009	1.157
58051.14786	12.0809	0.0009	1.158
58051.14833	12.0799	0.0008	1.160
58051.14882	12.0896	0.0008	1.161
58051.14931	12.0799	0.0008	1.163
58051.14978	12.0800	0.0008	1.164
58051.15025	12.0797	0.0008	1.166
58051.15072	12.0786	0.0009	1.167
58051.15120	12.0766	0.0009	1.168
58051.15168	12.0783	0.0010	1.170
58051.15216	12.0822	0.0011	1.171
58051.15265	12.0790	0.0012	1.173
58051.15314	12.0710	0.0013	1.175
58051.15361	12.0893	0.0014	1.176
58051.15410	12.0840	0.0014	1.178
58051.15458	12.0824	0.0015	1.179
58051.15507	12.0789	0.0015	1.181
58051.15556	12.0800	0.0016	1.182
58051.15603	12.0724	0.0016	1.184
58051.15652	12.0768	0.0016	1.186
58051.15700	12.0767	0.0015	1.187
58051.15749	12.0812	0.0015	1.189
58051.15796	12.0777	0.0015	1.190
58051.15846	12.0845	0.0015	1.192
58051.15894	12.0834	0.0014	1.194
58051.15942	12.0841	0.0014	1.195
58051.15991	12.0803	0.0014	1.197
58051.16039	12.0716	0.0014	1.199
58051.16087	12.0817	0.0014	1.201
58051.16135	12.0790	0.0015	1.202
58051.16184	12.0772	0.0016	1.204
58051.16231	12.0738	0.0016	1.206
58051.16280	12.0778	0.0018	1.207
58051.16329	12.0803	0.0019	1.209
58051.16376	12.0758	0.0020	1.211
58051.16425	12.0820	0.0021	1.213
58051.16472	12.0828	0.0022	1.215
58051.16521	12.0800	0.0022	1.216
58051.16568	12.0750	0.0022	1.218
58051.16617	12.0746	0.0022	1.220
58051.16666	12.0742	0.0022	1.222
58051.16713	12.0749	0.0021	1.224
58051.16762	12.0784	0.0020	1.226
58051.16809	12.0891	0.0019	1.227
58051.16858	12.0787	0.0018	1.229
58051.16906	12.0836	0.0017	1.231
58051.16955	12.0787	0.0016	1.233
58051.17003	12.0821	0.0015	1.235
58051.17052	12.0787	0.0014	1.237
58051.17100	12.0805	0.0014	1.239
58051.17148	12.0796	0.0014	1.241
58051.17197	12.0747	0.0014	1.243
58051.17244	12.0717	0.0014	1.245
58051.17292	12.0772	0.0014	1.247
58051.17339	12.0769	0.0014	1.249
58051.17388	12.0742	0.0014	1.251
58051.17436	12.0774	0.0014	1.253
58051.17484	12.0813	0.0014	1.255
58051.17531	12.0776	0.0014	1.257
58051.17580	12.0725	0.0013	1.259
58051.17628	12.0806	0.0013	1.261
58051.17677	12.0763	0.0012	1.263
58051.17726	12.0785	0.0012	1.265
58051.17773	12.0811	0.0012	1.268
58051.17822	12.0814	0.0012	1.270
58051.17870	12.0712	0.0012	1.272
58051.17919	12.0784	0.0012	1.274
58051.17968	12.0759	0.0012	1.276
58051.18016	12.0812	0.0012	1.278
58051.18064	12.0811	0.0012	1.281
58051.18111	12.0862	0.0012	1.283
58051.18159	12.0784	0.0012	1.285
58051.18207	12.0835	0.0012	1.287
58051.18256	12.0706	0.0012	1.290
58051.18304	12.0748	0.0012	1.292
58051.18353	12.0817	0.0012	1.294
58051.18402	12.0760	0.0012	1.297
58051.18450	12.0807	0.0012	1.299
58051.18498	12.0858	0.0012	1.301
58051.18546	12.0835	0.0012	1.304
58051.18595	12.0828	0.0012	1.306
58051.18642	12.0760	0.0012	1.308
58051.18690	12.0763	0.0011	1.311
58051.18738	12.0782	0.0011	1.313
58051.18786	12.0771	0.0010	1.315
58051.18834	12.0820	0.0010	1.318
58051.18882	12.0870	0.0011	1.320
58051.18931	12.0728	0.0011	1.323
58051.18979	12.0809	0.0012	1.325
58051.19028	12.0764	0.0014	1.328
58051.19074	12.0776	0.0015	1.330
58051.19123	12.0814	0.0016	1.333
58051.19171	12.0800	0.0016	1.335
58051.19269	12.0852	0.0017	1.341
58051.19316	12.0753	0.0016	1.343
58051.19363	12.0756	0.0016	1.346
58051.19410	12.0821	0.0015	1.348
58051.19457	12.0782	0.0014	1.351
58051.19506	12.0782	0.0013	1.354
58051.19553	12.0814	0.0011	1.356
58051.19602	12.0825	0.0010	1.359
58051.19650	12.0800	0.0009	1.362
58051.19698	12.0823	0.0009	1.364
58051.19747	12.0858	0.0008	1.367
58051.19795	12.0762	0.0008	1.370
58051.19843	12.0826	0.0008	1.373
58051.19890	12.0788	0.0009	1.375
58051.19939	12.0809	0.0009	1.378
58051.19986	12.0774	0.0009	1.381
58051.20036	12.0801	0.0010	1.384
58051.20083	12.0729	0.0010	1.387
58051.20132	12.0813	0.0011	1.390
58051.20179	12.0822	0.0012	1.393
58051.20228	12.0781	0.0012	1.396
58051.20277	12.0796	0.0012	1.399
58051.20323	12.0742	0.0013	1.402
58051.20370	12.0820	0.0013	1.404
58051.20419	12.0776	0.0014	1.407
58051.20468	12.0794	0.0014	1.411
58051.20515	12.0784	0.0014	1.414
58051.20564	12.0768	0.0014	1.417
58051.20612	12.0769	0.0014	1.420
58051.20661	12.0760	0.0014	1.423
58051.20708	12.0839	0.0014	1.426
58051.20756	12.0819	0.0013	1.429
58051.20804	12.0775	0.0013	1.432
58051.20853	12.0802	0.0013	1.435
58051.20902	12.0803	0.0013	1.439
58051.20949	12.0717	0.0013	1.442
58051.20997	12.0790	0.0013	1.445
58051.21043	12.0745	0.0014	1.448
58051.21091	12.0901	0.0015	1.452
58051.21139	12.0711	0.0015	1.455
58051.21188	12.0788	0.0016	1.458
58051.21236	12.0742	0.0017	1.462
58051.21285	12.0779	0.0017	1.465
58051.21332	12.0860	0.0018	1.468
58051.21381	12.0838	0.0018	1.472
58051.21429	12.0739	0.0018	1.475
58051.21477	12.0817	0.0018	1.479
58051.21525	12.0697	0.0014	1.482
58051.21573	12.0808	0.0014	1.486
58051.21622	.	0.0014	1.489
58051.21670	12.0746	0.0013	1.493
58051.21720	12.0804	0.0013	1.496
58051.21769	12.0758	0.0016	1.500
58051.21817	12.0747	0.0015	1.504
58051.21865	12.0813	0.0015	1.507
58051.21912	12.0725	0.0014	1.511
58051.21961	12.0769	0.0014	1.515
58051.22008	12.0787	0.0014	1.518
58051.22057	12.0885	0.0015	1.522
58051.22104	12.0716	0.0015	1.526
58051.22153	12.0726	0.0016	1.530
58051.22203	12.0747	0.0016	1.534
58051.22251	12.0837	0.0017	1.538
58051.22299	12.0869	0.0017	1.541
58051.22347	12.0857	0.0018	1.545
58051.22396	12.0822	0.0018	1.549
58051.22444	12.0722	0.0018	1.553
58051.22494	12.0872	0.0018	1.557
58051.22543	12.0853	0.0018	1.561
58051.22589	12.0847	0.0018	1.565
58051.22638	12.0814	0.0018	1.569
58051.22685	12.0842	0.0018	1.573
58051.22734	12.0778	0.0018	1.578
58051.22782	12.0833	0.0019	1.582
58051.22830	12.0760	0.0020	1.586
58051.22878	12.0777	0.0020	1.590
58051.22927	12.0817	0.0021	1.594
58051.22975	12.0790	0.0021	1.598
58051.23023	12.0793	0.0022	1.603
58051.23072	12.0709	0.0022	1.607
58051.23119	12.0808	0.0023	1.611
58051.23168	12.0760	0.0023	1.616
58051.23215	12.0845	0.0023	1.620
58051.23263	12.0785	0.0022	1.625
58051.23310	12.0755	0.0022	1.629
58051.23359	12.0842	0.0021	1.633
58051.23407	12.0772	0.0021	1.638
58051.23455	12.0844	0.0020	1.643
58051.23503	12.0793	0.0020	1.647
58051.23552	12.0847	0.0019	1.652
58051.23601	12.0791	0.0018	1.657
58051.23648	12.0738	0.0018	1.661
58051.23697	12.0813	0.0014	1.666
58051.23745	12.0751	0.0013	1.671
58051.23793	.	0.0013	1.675
58051.23840	12.0792	0.0013	1.680
58051.23889	12.0811	0.0013	1.685
58051.23937	12.0807	0.0017	1.690
58051.23986	12.0792	0.0018	1.695
58051.24034	12.0795	0.0019	1.700
58051.24083	12.0752	0.0019	1.705
58051.24131	12.0798	0.0020	1.710
58051.24178	12.0719	0.0020	1.715
58051.24227	12.0718	0.0020	1.720
58051.24275	12.0747	0.0021	1.725
58051.24323	12.0799	0.0021	1.730
58051.24370	12.0732	0.0021	1.735
58051.24418	12.0737	0.0020	1.741
58051.24466	12.0804	0.0020	1.746
58051.24515	12.0775	0.0019	1.751
58051.24562	12.0785	0.0019	1.757
58051.24610	12.0800	0.0019	1.762
58051.24659	12.0871	0.0019	1.767
58051.24706	12.0725	0.0019	1.773
58051.24755	12.0778	0.0018	1.778
58051.24802	12.0843	0.0018	1.784
58051.24850	12.0795	0.0018	1.789
58051.24897	12.0815	0.0019	1.795
58051.24944	12.0818	0.0019	1.800
58051.24993	12.0879	0.0019	1.806
58051.25042	12.0828	0.0019	1.812
58051.25089	12.0761	0.0019	1.818
58051.25138	12.0763	0.0019	1.824
58051.25186	12.0699	0.0019	1.829
58051.25235	12.0718	0.0019	1.835
58051.25282	12.0753	0.0020	1.841
