12 header lines (incl this one)
Object: KIC846
UT Date for start of observations: 2017.11.26
Observer: B.Gary
Band: g'-band, 17 ref star calibration 
Telescope: Meade 14" LX200-GPS, no FR
CCD: SBIG ST-10XME
Col 1: MJD (defined = JD - 2400000.5)
Col 2: g'-mag
Col 3: SE
Col 4: air mass

58083.03931	12.0896	0.0014	1.104
58083.03981	12.0881	0.0019	1.105
58083.04032	12.0850	0.0025	1.107
58083.04082	12.0827	0.0026	1.108
58083.04133	12.0818	0.0027	1.109
58083.04183	12.0761	0.0028	1.110
58083.04234	12.0751	0.0028	1.111
58083.04284	12.0831	0.0028	1.112
58083.04334	12.0830	0.0028	1.113
58083.04385	12.0883	0.0027	1.115
58083.04436	12.0894	0.0027	1.116
58083.04487	12.0842	0.0026	1.117
58083.04537	12.0816	0.0025	1.118
58083.04587	12.0864	0.0024	1.119
58083.04638	12.0878	0.0023	1.120
58083.04688	12.0883	0.0021	1.122
58083.04738	12.0862	0.0020	1.123
58083.04789	12.0753	0.0019	1.124
58083.04840	12.0839	0.0017	1.125
58083.04891	12.0835	0.0016	1.127
58083.04942	12.0862	0.0015	1.128
58083.04993	12.0911	0.0014	1.129
58083.05044	12.0874	0.0014	1.131
58083.05094	12.0934	0.0013	1.132
58083.05144	12.0795	0.0014	1.133
58083.05194	12.0871	0.0014	1.134
58083.05245	12.0872	0.0014	1.136
58083.05295	12.0825	0.0014	1.137
58083.05345	12.0858	0.0014	1.138
58083.05396	12.0824	0.0014	1.140
58083.05446	12.0874	0.0011	1.141
58083.05497	12.0873	0.0011	1.143
58083.05547	.	0.0011	1.144
58083.05597	12.0787	0.0011	1.145
58083.05647	12.0803	0.0010	1.147
58083.05698	12.0871	0.0013	1.148
58083.05749	12.0846	0.0013	1.150
58083.05799	12.0810	0.0013	1.151
58083.05848	12.0890	0.0013	1.152
58083.05900	12.0838	0.0013	1.154
58083.05950	12.0774	0.0013	1.155
58083.06001	12.0887	0.0012	1.157
58083.06051	12.0804	0.0012	1.158
58083.06102	12.0808	0.0012	1.160
58083.06153	12.0824	0.0012	1.161
58083.06203	12.0794	0.0011	1.163
58083.06253	12.0835	0.0011	1.164
58083.06304	12.0845	0.0010	1.166
58083.06355	12.0888	0.0010	1.168
58083.06406	12.0886	0.0010	1.169
58083.06456	12.0844	0.0011	1.171
58083.06507	12.0817	0.0011	1.172
58083.06557	12.0838	0.0011	1.174
58083.06608	12.0881	0.0011	1.176
58083.06659	12.0875	0.0011	1.177
58083.06709	12.0850	0.0012	1.179
58083.06760	12.0868	0.0012	1.180
58083.06811	12.0891	0.0012	1.182
58083.06861	12.0828	0.0013	1.184
58083.06912	12.0812	0.0013	1.185
58083.06963	12.0826	0.0014	1.187
58083.07014	12.0800	0.0014	1.189
58083.07064	12.0933	0.0014	1.191
58083.07115	12.0846	0.0015	1.192
58083.07166	12.0922	0.0015	1.194
58083.07216	12.0838	0.0015	1.196
58083.07266	12.0785	0.0015	1.198
58083.07316	12.0831	0.0015	1.199
58083.07367	12.0928	0.0014	1.201
58083.07418	12.0876	0.0014	1.203
58083.07469	12.0838	0.0013	1.205
58083.07520	12.0807	0.0013	1.207
58083.07569	12.0821	0.0012	1.208
58083.07620	12.0913	0.0012	1.210
58083.07671	12.0846	0.0012	1.212
58083.07719	12.0834	0.0012	1.214
58083.07770	12.0908	0.0011	1.216
58083.07821	12.0946	0.0011	1.218
58083.07870	12.0842	0.0011	1.220
58083.07921	12.0832	0.0011	1.222
58083.07972	12.0879	0.0011	1.224
58083.08023	12.0859	0.0012	1.226
58083.08073	12.0842	0.0012	1.227
58083.08124	12.0838	0.0012	1.229
58083.08175	12.0860	0.0012	1.231
58083.08226	12.0837	0.0012	1.233
58083.08277	12.0813	0.0012	1.236
58083.08328	12.0924	0.0012	1.238
58083.08378	12.0872	0.0011	1.240
58083.08426	12.0852	0.0011	1.242
58083.08476	12.0904	0.0011	1.244
58083.08525	12.0939	0.0011	1.246
58083.08575	12.0885	0.0011	1.248
58083.08626	12.0866	0.0011	1.250
58083.08677	12.0778	0.0011	1.252
58083.08728	12.0889	0.0012	1.254
58083.08779	12.0881	0.0012	1.256
58083.08829	12.0898	0.0012	1.258
58083.08880	12.0855	0.0012	1.261
58083.08931	12.0855	0.0012	1.263
58083.08980	12.0860	0.0012	1.265
58083.09031	12.0837	0.0012	1.267
58083.09082	12.0837	0.0012	1.270
58083.09134	12.0855	0.0012	1.272
58083.09184	12.0941	0.0012	1.274
58083.09234	12.0845	0.0012	1.276
58083.09285	12.0818	0.0013	1.279
58083.09336	12.0808	0.0014	1.281
58083.09387	12.0796	0.0015	1.283
58083.09437	12.0908	0.0016	1.286
58083.09488	12.0857	0.0017	1.288
58083.09539	12.0809	0.0018	1.291
58083.09590	12.0804	0.0019	1.293
58083.09640	12.0892	0.0020	1.295
58083.09691	12.0790	0.0020	1.298
58083.09742	12.0815	0.0020	1.300
58083.09792	12.0936	0.0020	1.303
58083.09841	12.0814	0.0019	1.305
58083.09889	12.0869	0.0018	1.307
58083.09939	12.0902	0.0017	1.310
58083.09990	12.0888	0.0016	1.312
58083.10037	12.0863	0.0015	1.315
58083.10086	12.0827	0.0014	1.317
58083.10139	12.0870	0.0013	1.320
58083.10191	12.0878	0.0013	1.323
58083.10242	12.0819	0.0013	1.325
58083.10293	12.0821	0.0013	1.328
58083.10343	12.0876	0.0013	1.331
58083.10394	12.0839	0.0013	1.333
58083.10444	12.0829	0.0014	1.336
58083.10494	12.0944	0.0014	1.339
58083.10542	12.0826	0.0015	1.341
58083.10593	12.0851	0.0015	1.344
58083.10642	12.0854	0.0016	1.347
58083.10693	12.0892	0.0016	1.349
58083.10743	12.0847	0.0017	1.352
58083.10794	12.0872	0.0018	1.355
58083.10845	12.0885	0.0018	1.358
58083.10896	12.0883	0.0019	1.361
58083.10947	12.0830	0.0019	1.364
58083.10998	12.0893	0.0019	1.367
58083.11047	12.0859	0.0019	1.369
58083.11095	12.0896	0.0019	1.372
58083.11146	12.0848	0.0018	1.375
58083.11196	12.0905	0.0018	1.378
58083.11247	12.0830	0.0018	1.381
58083.11296	12.0868	0.0017	1.384
58083.11347	12.0832	0.0017	1.387
58083.11398	12.0856	0.0017	1.390
58083.11448	12.0901	0.0018	1.393
58083.11499	12.0947	0.0018	1.396
58083.11549	12.0912	0.0018	1.399
58083.11600	12.0887	0.0018	1.402
58083.11650	12.0912	0.0018	1.406
58083.11700	12.0867	0.0018	1.409
58083.11751	12.0840	0.0017	1.412
58083.11802	12.0899	0.0017	1.415
58083.11852	12.0923	0.0016	1.418
58083.11902	12.0890	0.0015	1.421
58083.11953	12.0895	0.0014	1.425
58083.12003	12.0833	0.0013	1.428
58083.12054	12.0828	0.0012	1.431
58083.12103	12.0921	0.0011	1.435
58083.12149	12.0911	0.0011	1.438
58083.12199	12.0876	0.0011	1.441
58083.12249	12.0905	0.0011	1.444
58083.12300	12.0848	0.0011	1.448
58083.12351	12.0902	0.0011	1.451
58083.12397	12.0815	0.0011	1.454
58083.12447	12.0810	0.0012	1.458
58083.12498	12.0831	0.0012	1.461
58083.12545	12.0870	0.0012	1.465
58083.12595	12.0923	0.0013	1.468
58083.12645	12.0826	0.0013	1.472
58083.12696	12.0878	0.0014	1.475
58083.12743	12.0853	0.0014	1.479
58083.12794	12.0861	0.0015	1.483
58083.12844	12.0870	0.0016	1.486
58083.12895	12.0836	0.0016	1.490
58083.12944	12.0812	0.0017	1.494
58083.12994	12.0859	0.0017	1.497
58083.13045	12.0860	0.0017	1.501
58083.13095	12.0868	0.0017	1.505
58083.13146	12.0898	0.0017	1.509
58083.13197	12.0820	0.0016	1.513
58083.13247	12.0863	0.0016	1.516
58083.13296	12.0899	0.0016	1.520
58083.13347	12.0843	0.0015	1.524
58083.13397	12.0890	0.0015	1.528
58083.13443	12.0856	0.0015	1.532
58083.13494	12.0839	0.0015	1.536
58083.13545	12.0829	0.0015	1.540
58083.13596	12.0853	0.0015	1.544
58083.13647	12.0871	0.0012	1.548
58083.13698	12.0933	0.0012	1.552
58083.13749	.	0.0012	1.557
58083.13800	12.0853	0.0012	1.561
58083.13850	12.0855	0.0011	1.565
58083.13900	12.0849	0.0014	1.569
58083.13951	12.0845	0.0014	1.574
58083.14002	12.0944	0.0014	1.578
58083.14052	12.0844	0.0014	1.582
58083.14100	12.0813	0.0014	1.586
58083.14150	12.0910	0.0014	1.591
58083.14200	12.0846	0.0014	1.595
58083.14252	12.0949	0.0014	1.600
58083.14302	12.0939	0.0015	1.604
58083.14353	12.0918	0.0015	1.609
58083.14400	12.0839	0.0016	1.613
58083.14451	12.0834	0.0017	1.618
58083.14502	12.0866	0.0017	1.622
58083.14552	12.0880	0.0018	1.627
58083.14602	12.0852	0.0019	1.632
58083.14653	12.0903	0.0019	1.636
58083.14704	12.0920	0.0020	1.641
58083.14755	12.0850	0.0020	1.646
58083.14806	12.0788	0.0020	1.651
58083.14858	12.0909	0.0020	1.656
58083.14907	12.0904	0.0019	1.661
58083.14956	12.0859	0.0019	1.666
58083.15007	12.0838	0.0018	1.671
58083.15058	12.0854	0.0017	1.676
58083.15108	12.0768	0.0016	1.681
58083.15159	12.0873	0.0015	1.686
58083.15209	12.0857	0.0014	1.691
58083.15259	12.0796	0.0013	1.696
58083.15310	12.0902	0.0013	1.701
58083.15361	12.0771	0.0012	1.707
58083.15411	12.0849	0.0012	1.712
58083.15462	12.0787	0.0012	1.717
58083.15512	12.0849	0.0012	1.722
58083.15563	12.0896	0.0012	1.728
58083.15613	12.0868	0.0012	1.733
58083.15664	12.0839	0.0012	1.739
58083.15714	12.0792	0.0012	1.744
58083.15764	12.0906	0.0012	1.750
58083.15815	12.0913	0.0012	1.755
58083.15865	12.0907	0.0012	1.761
58083.15916	12.0850	0.0012	1.767
58083.15965	12.0923	0.0012	1.772
58083.16016	12.0867	0.0012	1.778
58083.16067	12.0807	0.0012	1.784
58083.16118	12.0783	0.0012	1.790
58083.16169	12.0871	0.0012	1.796
58083.16220	12.0861	0.0013	1.802
58083.16270	12.0870	0.0014	1.808
58083.16321	12.0896	0.0014	1.814
58083.16372	12.0901	0.0015	1.820
58083.16422	12.0905	0.0016	1.826
58083.16473	12.0819	0.0017	1.832
58083.16524	12.0847	0.0018	1.839
58083.16575	12.0867	0.0018	1.845
58083.16626	12.0873	0.0019	1.852
58083.16676	12.0888	0.0019	1.858
58083.16727	12.0747	0.0018	1.864
58083.16777	12.0873	0.0018	1.871
58083.16828	12.0948	0.0017	1.877
58083.16877	12.0810	0.0017	1.884
58083.16928	12.0971	0.0016	1.890
58083.16978	12.0801	0.0015	1.897
58083.17029	12.0844	0.0015	1.904
58083.17080	12.0882	0.0014	1.911
58083.17131	12.0867	0.0014	1.918
58083.17181	12.0877	0.0014	1.924
58083.17230	12.0828	0.0014	1.931
58083.17281	12.0878	0.0014	1.938
58083.17332	12.0840	0.0014	1.946
58083.17383	12.0827	0.0014	1.953
58083.17434	12.0868	0.0014	1.960
58083.17485	12.0927	0.0014	1.967
58083.17536	12.0914	0.0014	1.975
58083.17586	12.0816	0.0014	1.982
58083.17637	12.0854	0.0014	1.990
58083.17687	12.0895	0.0014	1.997
58083.17738	12.0816	0.0015	2.005
58083.17786	12.0795	0.0016	2.012
58083.17836	12.0886	0.0017	2.019
58083.17885	12.0827	0.0018	2.027
58083.17935	12.0915	0.0019	2.035
58083.17985	12.0916	0.0020	2.043
58083.18036	12.0841	0.0020	2.051
58083.18086	12.0806	0.0021	2.058
58083.18137	12.0854	0.0021	2.067
58083.18186	12.0852	0.0017	2.075
58083.18237	12.0854	0.0017	2.083
58083.18288	.	0.0016	2.091
58083.18338	12.0835	0.0016	2.100
58083.18389	12.0764	0.0016	2.108
58083.18440	12.0865	0.0020	2.117
58083.18490	12.0952	0.0020	2.125
58083.18541	12.0915	0.0020	2.134
58083.18588	12.0911	0.0016	2.142
58083.18639	12.0749	0.0016	2.151
58083.18689	.	0.0016	2.160
58083.18738	12.0833	0.0015	2.168
58083.18789	12.0903	0.0014	2.178
58083.18840	12.0829	0.0018	2.187
58083.18890	12.0736	0.0017	2.196
58083.18941	12.0939	0.0016	2.205
58083.18992	12.0853	0.0016	2.215
58083.19043	12.0763	0.0015	2.224
58083.19094	12.0780	0.0015	2.234
58083.19144	12.0850	0.0015	2.243
