12 header lines (incl this one)
Object: KIC846
UT Date for start of observations: 2017.10.04
Observer: B.Gary
Band: g'-band
Telescope: Meade 14" LX200-GPS, no FR
CCD: SBIG ST-10XME
Col 1: MJD (defined = JD - 2400000.5)
Col 2: g'-mag
Col 3: SE
Col 4: air mass

58030.07258	12.0814	0.0015	1.042
58030.07306	12.0825	0.0015	1.042
58030.07354	12.0873	0.0015	1.041
58030.07402	12.0888	0.0010	1.041
58030.07450	12.0825	0.0011	1.041
58030.07499	12.0832	0.0012	1.040
58030.07547	12.0791	0.0013	1.040
58030.07595	12.0822	0.0014	1.039
58030.07642	12.0812	0.0014	1.039
58030.07691	12.0724	0.0014	1.039
58030.07740	12.0826	0.0015	1.038
58030.07834	12.0807	0.0016	1.037
58030.07883	12.0753	0.0016	1.037
58030.07931	12.0895	0.0017	1.037
58030.07979	12.0813	0.0017	1.036
58030.08028	12.0836	0.0018	1.036
58030.08075	12.0789	0.0018	1.036
58030.08123	12.0820	0.0019	1.035
58030.08171	12.0822	0.0019	1.035
58030.08220	12.0815	0.0020	1.035
58030.08269	12.0829	0.0020	1.034
58030.08317	12.0832	0.0020	1.034
58030.08365	12.0812	0.0021	1.034
58030.08413	12.0822	0.0021	1.034
58030.08461	12.0832	0.0021	1.033
58030.08509	12.0829	0.0021	1.033
58030.08558	12.0744	0.0022	1.033
58030.08655	12.0772	0.0022	1.032
58030.08703	12.0854	0.0022	1.032
58030.08751	12.0874	0.0022	1.032
58030.08799	12.0804	0.0022	1.031
58030.08848	12.0766	0.0022	1.031
58030.08896	12.0840	0.0022	1.031
58030.08944	12.0809	0.0022	1.031
58030.08993	12.0786	0.0022	1.030
58030.09042	12.0769	0.0022	1.030
58030.09138	12.0819	0.0021	1.030
58030.09186	12.0880	0.0021	1.030
58030.09234	12.0847	0.0021	1.029
58030.09281	12.0921	0.0021	1.029
58030.09330	12.0840	0.0021	1.029
58030.09378	12.0838	0.0021	1.029
58030.09426	12.0794	0.0021	1.029
58030.09475	12.0866	0.0021	1.029
58030.09962	12.0849	0.0022	1.027
58030.10010	12.0859	0.0023	1.027
58030.10058	12.0871	0.0024	1.027
58030.10106	12.0727	0.0025	1.027
58030.10155	12.0834	0.0026	1.027
58030.10203	12.0896	0.0021	1.027
58030.10251	12.0833	0.0021	1.027
58030.10300	.	0.0022	1.027
58030.10346	12.0755	0.0021	1.027
58030.10395	12.0809	0.0020	1.027
58030.10443	12.0856	0.0024	1.026
58030.10492	12.0804	0.0022	1.026
58030.10539	12.0794	0.0020	1.026
58030.10587	12.0841	0.0018	1.026
58030.10635	12.0865	0.0016	1.026
58030.10683	12.0813	0.0014	1.026
58030.10730	12.0828	0.0013	1.026
58030.10779	12.0801	0.0012	1.026
58030.10826	12.0844	0.0013	1.026
58030.10875	12.0806	0.0013	1.026
58030.10922	12.0844	0.0014	1.026
58030.10971	12.0822	0.0015	1.026
58030.11016	12.0862	0.0015	1.026
58030.11065	12.0821	0.0016	1.026
58030.11112	12.0841	0.0016	1.026
58030.11161	12.0860	0.0016	1.027
58030.11212	12.0867	0.0015	1.027
58030.11259	12.0845	0.0015	1.027
58030.11308	12.0834	0.0014	1.027
58030.11356	12.0790	0.0013	1.027
58030.11405	12.0870	0.0013	1.027
58030.11451	12.0757	0.0012	1.027
58030.11500	12.0859	0.0011	1.027
58030.11549	12.0795	0.0011	1.027
58030.11597	12.0778	0.0010	1.027
58030.11645	12.0835	0.0010	1.027
58030.11692	12.0850	0.0010	1.027
58030.11741	12.0824	0.0011	1.027
58030.11789	12.0883	0.0011	1.028
58030.11838	12.0880	0.0012	1.028
58030.11885	12.0856	0.0012	1.028
58030.11933	12.0788	0.0013	1.028
58030.11981	12.0827	0.0013	1.028
58030.12029	12.0856	0.0014	1.028
58030.12078	12.0831	0.0015	1.028
58030.12125	12.0811	0.0015	1.029
58030.12174	12.0840	0.0016	1.029
58030.12222	12.0810	0.0018	1.029
58030.12271	12.0829	0.0019	1.029
58030.12318	12.0753	0.0021	1.029
58030.12366	12.0848	0.0022	1.030
58030.12414	12.0845	0.0024	1.030
58030.12461	12.0788	0.0025	1.030
58030.12508	12.0839	0.0026	1.030
58030.12557	12.0838	0.0026	1.030
58030.12605	12.0813	0.0026	1.031
58030.12654	12.0808	0.0025	1.031
58030.12703	12.0841	0.0025	1.031
58030.12751	12.0782	0.0023	1.031
58030.12800	12.0881	0.0021	1.032
58030.12848	12.0880	0.0020	1.032
58030.12897	12.0817	0.0019	1.032
58030.12946	12.0853	0.0017	1.032
58030.12992	12.0778	0.0017	1.033
58030.13041	12.0817	0.0016	1.033
58030.13088	12.0811	0.0015	1.033
58030.13137	12.0816	0.0015	1.033
58030.13185	12.0833	0.0014	1.034
58030.13234	12.0822	0.0014	1.034
58030.13282	12.0866	0.0014	1.034
58030.13330	12.0858	0.0014	1.035
58030.13377	12.0852	0.0014	1.035
58030.13426	12.0853	0.0014	1.035
58030.13473	12.0788	0.0014	1.036
58030.13522	12.0764	0.0014	1.036
58030.13569	12.0852	0.0014	1.036
58030.13970	12.0835	0.0014	1.039
58030.14017	12.0808	0.0014	1.040
58030.14065	12.0849	0.0013	1.040
58030.14112	12.0798	0.0013	1.041
58030.14161	12.0795	0.0012	1.041
58030.14208	12.0724	0.0012	1.041
58030.14256	12.0842	0.0012	1.042
58030.14303	12.0807	0.0010	1.042
58030.14351	12.0894	0.0010	1.043
58030.14399	.	0.0010	1.043
58030.14448	12.0841	0.0011	1.044
58030.14497	12.0830	0.0011	1.044
58030.14545	12.0832	0.0014	1.045
58030.14593	12.0772	0.0015	1.045
58030.14640	12.0829	0.0016	1.046
58030.14688	12.0762	0.0016	1.046
58030.14736	12.0876	0.0016	1.047
58030.14784	12.0810	0.0016	1.047
58030.14831	12.0855	0.0016	1.047
58030.14880	12.0828	0.0017	1.048
58030.14927	12.0885	0.0017	1.049
58030.14976	12.0816	0.0017	1.049
58030.15023	12.0834	0.0017	1.050
58030.15072	12.0826	0.0018	1.050
58030.15119	12.0840	0.0018	1.051
58030.15168	12.0872	0.0018	1.051
58030.15216	12.0878	0.0019	1.052
58030.15265	12.0872	0.0019	1.052
58030.15313	12.0811	0.0019	1.053
58030.15361	12.0867	0.0018	1.054
58030.15410	12.0886	0.0018	1.054
58030.15457	12.0881	0.0017	1.055
58030.15505	12.0810	0.0016	1.055
58030.15553	12.0890	0.0016	1.056
58030.15601	12.0840	0.0015	1.057
58030.15648	12.0825	0.0014	1.057
58030.15696	12.0880	0.0013	1.058
58030.15743	12.0795	0.0013	1.058
58030.15791	12.0877	0.0013	1.059
58030.15838	12.0774	0.0014	1.060
58030.15887	12.0816	0.0015	1.060
58030.15935	12.0768	0.0016	1.061
58030.15984	12.0848	0.0017	1.062
58030.16031	12.0856	0.0018	1.062
58030.16080	12.0816	0.0019	1.063
58030.16128	12.0855	0.0020	1.064
58030.16176	12.0800	0.0021	1.064
58030.16225	12.0843	0.0021	1.065
58030.16272	12.0863	0.0021	1.066
58030.16319	12.0843	0.0020	1.066
58030.16369	12.0789	0.0019	1.067
58030.16417	12.0838	0.0018	1.068
58030.16465	12.0820	0.0016	1.069
58030.16513	12.0821	0.0015	1.069
58030.16561	12.0858	0.0013	1.070
58030.16611	12.0876	0.0012	1.071
58030.16659	12.0798	0.0011	1.072
58030.16706	12.0867	0.0011	1.072
58030.16753	12.0812	0.0010	1.073
58030.16801	12.0839	0.0010	1.074
58030.16850	12.0811	0.0010	1.075
58030.16897	12.0797	0.0011	1.076
58030.16946	12.0877	0.0011	1.076
58030.16994	12.0870	0.0012	1.077
58030.17042	12.0823	0.0012	1.078
58030.17233	12.0845	0.0013	1.081
58030.17280	12.0874	0.0014	1.082
58030.17328	12.0805	0.0015	1.083
58030.17376	12.0848	0.0016	1.084
58030.17424	12.0759	0.0017	1.085
58030.17471	12.0860	0.0017	1.086
58030.17520	12.0855	0.0018	1.087
58030.17568	12.0926	0.0018	1.087
58030.17617	12.0883	0.0018	1.088
58030.17666	12.0887	0.0018	1.089
58030.17713	12.0891	0.0017	1.090
58030.17762	12.0865	0.0017	1.091
58030.17809	12.0778	0.0016	1.092
58030.17856	12.0780	0.0015	1.093
58030.17904	12.0845	0.0014	1.094
58030.17951	12.0825	0.0013	1.095
58030.18000	12.0788	0.0013	1.096
58030.18047	12.0937	0.0012	1.097
58030.18096	12.0827	0.0012	1.098
58030.18144	12.0899	0.0012	1.099
58030.18191	12.0837	0.0011	1.100
58030.18237	12.0840	0.0011	1.101
58030.18286	12.0859	0.0011	1.102
58030.18334	12.0857	0.0011	1.103
58030.18382	12.0791	0.0012	1.104
58030.18431	12.0881	0.0012	1.105
58030.18478	12.0835	0.0012	1.106
58030.18525	12.0855	0.0013	1.107
58030.18574	12.0898	0.0014	1.108
58030.18623	12.0832	0.0014	1.109
58030.18671	12.0865	0.0015	1.110
58030.18718	12.0834	0.0016	1.111
58030.18765	12.0846	0.0016	1.112
58030.18812	12.0898	0.0016	1.113
58030.18861	12.0847	0.0016	1.115
58030.18910	12.0925	0.0030	1.116
