12 header lines (incl this one)
Object: KIC846
UT Date for start of observations: 2017.11.02
Observer: B.Gary
Band: g'-band, 18 ref star calibration 
Telescope: Meade 14" LX200-GPS, no FR
CCD: SBIG ST-10XME
Col 1: MJD (defined = JD - 2400000.5)
Col 2: g'-mag
Col 3: SE
Col 4: air mass

58059.05584	12.0833	0.0020	1.036
58059.05633	12.0716	0.0020	1.036
58059.05682	12.0820	0.0020	1.036
58059.05729	12.0825	0.0019	1.037
58059.05778	12.0808	0.0020	1.037
58059.05826	12.0795	0.0021	1.038
58059.05875	12.0792	0.0022	1.038
58059.05922	12.0746	0.0022	1.038
58059.05971	12.0791	0.0021	1.039
58059.06020	12.0848	0.0021	1.039
58059.06068	12.0833	0.0020	1.040
58059.06116	12.0755	0.0019	1.040
58059.06164	12.0743	0.0019	1.040
58059.06212	12.0801	0.0018	1.041
58059.06260	12.0832	0.0018	1.041
58059.06309	12.0761	0.0017	1.042
58059.06358	12.0826	0.0017	1.042
58059.06406	12.0736	0.0016	1.042
58059.06454	12.0748	0.0015	1.043
58059.06503	12.0796	0.0015	1.043
58059.06552	12.0827	0.0014	1.044
58059.06600	12.0810	0.0013	1.044
58059.06648	12.0829	0.0012	1.045
58059.06697	12.0789	0.0011	1.045
58059.06745	12.0788	0.0011	1.046
58059.06794	12.0856	0.0010	1.046
58059.06841	12.0826	0.0010	1.047
58059.06890	12.0754	0.0011	1.047
58059.06939	12.0770	0.0011	1.048
58059.06986	12.0767	0.0011	1.048
58059.07035	12.0833	0.0012	1.049
58059.07083	12.0797	0.0012	1.049
58059.07131	12.0769	0.0013	1.050
58059.07179	12.0835	0.0013	1.050
58059.07228	12.0749	0.0013	1.051
58059.07274	12.0830	0.0014	1.052
58059.07323	12.0783	0.0014	1.052
58059.07372	12.0784	0.0015	1.053
58059.07419	12.0810	0.0015	1.053
58059.07468	12.0813	0.0016	1.054
58059.07516	12.0783	0.0016	1.054
58059.07565	12.0787	0.0017	1.055
58059.07613	12.0776	0.0017	1.056
58059.07661	12.0768	0.0017	1.056
58059.07709	12.0822	0.0016	1.057
58059.07757	12.0819	0.0016	1.057
58059.07806	12.0739	0.0015	1.058
58059.07853	12.0835	0.0015	1.059
58059.07902	12.0845	0.0014	1.059
58059.07949	12.0798	0.0014	1.060
58059.07998	12.0814	0.0013	1.061
58059.08046	12.0819	0.0013	1.061
58059.08094	12.0771	0.0012	1.062
58059.08141	12.0831	0.0012	1.063
58059.08190	12.0829	0.0012	1.063
58059.08237	12.0854	0.0011	1.064
58059.08286	12.0738	0.0011	1.065
58059.08334	12.0784	0.0011	1.065
58059.08384	12.0824	0.0010	1.066
58059.08432	12.0804	0.0010	1.067
58059.08481	12.0774	0.0010	1.068
58059.08530	12.0854	0.0010	1.068
58059.08578	12.0840	0.0010	1.069
58059.08626	12.0831	0.0010	1.070
58059.08674	12.0810	0.0010	1.071
58059.08721	12.0793	0.0010	1.071
58059.08769	12.0793	0.0010	1.072
58059.08817	12.0824	0.0010	1.073
58059.08866	12.0779	0.0010	1.074
58059.08913	12.0835	0.0010	1.074
58059.08962	12.0771	0.0011	1.075
58059.09010	12.0834	0.0011	1.076
58059.09058	12.0789	0.0012	1.077
58059.09106	12.0790	0.0012	1.078
58059.09155	12.0722	0.0013	1.079
58059.09201	12.0834	0.0013	1.079
58059.09251	12.0751	0.0014	1.080
58059.09299	12.0842	0.0014	1.081
58059.09347	12.0856	0.0014	1.082
58059.09396	12.0798	0.0015	1.083
58059.09444	12.0809	0.0015	1.084
58059.09492	12.0763	0.0015	1.085
58059.09542	12.0798	0.0016	1.085
58059.09590	12.0809	0.0017	1.086
58059.09639	12.0875	0.0018	1.087
58059.09685	12.0757	0.0019	1.088
58059.09734	12.0775	0.0020	1.089
58059.09782	12.0845	0.0020	1.090
58059.09830	12.0774	0.0021	1.091
58059.09878	12.0797	0.0021	1.092
58059.09927	12.0770	0.0021	1.093
58059.09976	12.0844	0.0021	1.094
58059.10025	12.0811	0.0020	1.095
58059.10073	12.0860	0.0019	1.096
58059.10122	12.0765	0.0018	1.097
58059.10170	12.0743	0.0017	1.098
58059.10219	12.0743	0.0016	1.099
58059.10267	12.0715	0.0015	1.100
58059.10316	12.0743	0.0014	1.101
58059.10362	12.0723	0.0014	1.102
58059.10412	12.0770	0.0013	1.103
58059.10459	12.0802	0.0013	1.104
58059.10509	12.0774	0.0013	1.105
58059.10558	12.0877	0.0013	1.106
58059.10606	12.0818	0.0012	1.107
58059.10654	12.0805	0.0012	1.108
58059.10703	12.0763	0.0012	1.109
58059.10751	12.0720	0.0012	1.110
58059.10799	12.0725	0.0013	1.111
58059.10847	12.0845	0.0013	1.112
58059.10896	12.0795	0.0014	1.114
58059.10944	12.0743	0.0015	1.115
58059.10993	12.0767	0.0016	1.116
58059.11042	12.0827	0.0017	1.117
58059.11089	12.0778	0.0018	1.118
58059.11138	12.0783	0.0019	1.119
58059.11186	12.0823	0.0020	1.120
58059.11235	12.0804	0.0021	1.122
58059.11282	12.0803	0.0021	1.123
58059.11332	12.0819	0.0022	1.124
58059.11380	12.0797	0.0022	1.125
58059.11428	12.0733	0.0021	1.126
58059.11476	12.0729	0.0021	1.127
58059.11524	12.0807	0.0021	1.129
58059.11573	12.0796	0.0021	1.130
58059.11620	12.0856	0.0020	1.131
58059.11670	12.0778	0.0020	1.132
58059.11718	12.0793	0.0021	1.134
58059.11766	12.0874	0.0022	1.135
58059.11814	12.0796	0.0023	1.136
58059.11862	12.0746	0.0025	1.138
58059.11911	12.0760	0.0027	1.139
58059.11961	12.0676	0.0029	1.140
58059.12008	12.0791	0.0030	1.141
58059.12056	12.0764	0.0031	1.143
58059.12104	12.0786	0.0031	1.144
58059.12152	12.0795	0.0031	1.145
58059.12200	12.0761	0.0031	1.147
58059.12249	12.0839	0.0029	1.148
58059.12297	12.0788	0.0027	1.149
58059.12346	12.0747	0.0025	1.151
58059.12395	12.0800	0.0023	1.152
58059.12443	12.0733	0.0021	1.154
58059.12492	12.0838	0.0019	1.155
58059.12541	12.0814	0.0017	1.157
58059.12589	12.0807	0.0016	1.158
58059.12638	12.0771	0.0014	1.159
58059.12686	12.0815	0.0013	1.161
58059.12734	12.0796	0.0012	1.162
58059.12782	12.0756	0.0012	1.164
58059.12831	12.0795	0.0011	1.165
58059.12880	12.0781	0.0010	1.167
58059.12928	12.0787	0.0010	1.168
58059.12978	12.0822	0.0009	1.170
58059.13025	12.0810	0.0009	1.171
58059.13074	12.0770	0.0010	1.173
58059.13124	12.0829	0.0010	1.174
58059.13172	12.0799	0.0011	1.176
58059.13220	12.0755	0.0013	1.177
58059.13269	12.0773	0.0014	1.179
58059.13317	12.0845	0.0012	1.181
58059.13366	12.0855	0.0014	1.182
58059.13413	.	0.0011	1.184
58059.13461	12.0824	0.0012	1.185
58059.13509	.	0.0012	1.187
58059.13557	12.0701	0.0017	1.189
58059.13605	12.0765	0.0017	1.190
58059.13654	12.0724	0.0021	1.192
58059.13701	12.0768	0.0020	1.194
58059.13749	12.0874	0.0020	1.195
58059.13797	12.0843	0.0019	1.197
58059.13846	12.0826	0.0018	1.199
58059.13895	12.0716	0.0018	1.200
58059.13942	12.0801	0.0017	1.202
58059.13991	12.0804	0.0017	1.204
58059.14038	12.0849	0.0013	1.205
58059.14087	12.0839	0.0013	1.207
58059.14135	.	0.0013	1.209
58059.14184	12.0739	0.0013	1.211
58059.14233	12.0710	0.0013	1.213
58059.14280	12.0721	0.0016	1.214
58059.14329	12.0760	0.0016	1.216
58059.14377	12.0809	0.0016	1.218
58059.14426	12.0844	0.0016	1.220
58059.14475	12.0810	0.0016	1.222
58059.14522	12.0795	0.0016	1.223
58059.14571	12.0842	0.0015	1.225
58059.14619	12.0820	0.0015	1.227
58059.14668	12.0782	0.0015	1.229
58059.14716	12.0826	0.0016	1.231
58059.14765	12.0751	0.0016	1.233
58059.14812	12.0792	0.0016	1.235
58059.14861	12.0826	0.0016	1.237
58059.14909	12.0839	0.0016	1.239
58059.14957	12.0732	0.0017	1.241
58059.15005	12.0762	0.0017	1.243
58059.15053	12.0813	0.0018	1.245
58059.15102	12.0747	0.0019	1.247
58059.15150	12.0715	0.0020	1.249
58059.15198	12.0838	0.0021	1.251
58059.15245	12.0742	0.0022	1.253
58059.15294	12.0842	0.0023	1.255
58059.15343	12.0852	0.0023	1.257
58059.15391	12.0771	0.0023	1.259
58059.15440	12.0769	0.0023	1.261
58059.15487	12.0742	0.0022	1.263
58059.15536	12.0797	0.0022	1.265
58059.15584	12.0707	0.0021	1.267
