12 header lines (incl this one)
Object: KIC846
UT Date for start of observations: 2017.10.06
Observer: B.Gary
Band: g'-band, 19 ref star calibration 
Telescope: Meade 14" LX200-GPS, no FR
CCD: SBIG ST-10XME
Col 1: MJD (defined = JD - 2400000.5)
Col 2: g'-mag
Col 3: SE
Col 4: air mass

58032.10840	12.0878	0.0021	1.027
58032.10888	12.0802	0.0021	1.027
58032.10935	12.0809	0.0021	1.027
58032.10983	12.0896	0.0015	1.027
58032.11031	12.0843	0.0016	1.027
58032.11079	12.0805	0.0018	1.027
58032.11127	12.0819	0.0019	1.027
58032.11175	12.0732	0.0020	1.027
58032.11223	12.0847	0.0021	1.028
58032.11271	12.0855	0.0021	1.028
58032.11319	12.0863	0.0021	1.028
58032.11367	12.0778	0.0021	1.028
58032.11416	12.0809	0.0020	1.028
58032.11464	12.0842	0.0020	1.028
58032.11512	12.0904	0.0019	1.028
58032.11558	12.0865	0.0019	1.029
58032.11606	12.0852	0.0019	1.029
58032.11654	12.0863	0.0018	1.029
58032.11701	12.0835	0.0018	1.029
58032.11750	12.0900	0.0018	1.029
58032.11799	12.0814	0.0018	1.029
58032.11846	12.0852	0.0017	1.030
58032.11895	12.0843	0.0017	1.030
58032.11992	12.0834	0.0016	1.030
58032.12039	12.0868	0.0016	1.030
58032.12088	12.0816	0.0015	1.031
58032.12137	12.0874	0.0015	1.031
58032.12185	12.0875	0.0015	1.031
58032.12233	12.0711	0.0015	1.031
58032.12280	12.0895	0.0015	1.032
58032.12329	12.0746	0.0016	1.032
58032.12425	12.0773	0.0017	1.032
58032.12521	12.0781	0.0019	1.033
58032.12904	12.0916	0.0022	1.035
58032.12953	12.0866	0.0024	1.036
58032.13000	12.0862	0.0025	1.036
58032.13047	12.0791	0.0026	1.036
58032.13096	12.0837	0.0027	1.037
58032.13144	12.0827	0.0028	1.037
58032.13192	12.0839	0.0028	1.038
58032.13240	12.0908	0.0029	1.038
58032.13288	12.0887	0.0028	1.038
58032.13336	12.0863	0.0028	1.039
58032.13384	12.0854	0.0028	1.039
58032.13432	12.0852	0.0027	1.039
58032.13480	12.0812	0.0027	1.040
58032.13527	12.0881	0.0026	1.040
58032.13574	12.0850	0.0025	1.041
58032.13623	12.0849	0.0024	1.041
58032.13671	12.0774	0.0023	1.042
58032.13720	12.0906	0.0021	1.042
58032.13917	12.0843	0.0020	1.044
58032.13965	12.0804	0.0018	1.044
58032.14013	12.0916	0.0017	1.045
58032.14060	12.0833	0.0016	1.045
58032.14218	12.0849	0.0014	1.047
58032.14331	12.0872	0.0014	1.048
58032.14380	12.0862	0.0013	1.049
58032.14429	12.0894	0.0013	1.049
58032.14477	12.0838	0.0014	1.050
58032.14527	12.0763	0.0014	1.050
58032.14574	12.0797	0.0016	1.051
58032.14623	12.0855	0.0017	1.051
58032.14670	12.0837	0.0018	1.052
58032.14720	12.0779	0.0019	1.052
58032.14769	12.0795	0.0020	1.053
58032.14817	12.0706	0.0021	1.054
58032.14867	12.0783	0.0021	1.054
58032.14916	12.0803	0.0021	1.055
58032.14965	12.0863	0.0021	1.055
58032.15014	12.0876	0.0021	1.056
58032.15062	12.0783	0.0021	1.057
58032.15111	12.0853	0.0021	1.057
58032.15160	12.0823	0.0022	1.058
58032.15207	12.0798	0.0022	1.058
58032.15256	12.0861	0.0023	1.059
58032.15304	12.0814	0.0024	1.060
58032.15354	12.0848	0.0025	1.060
58032.15403	12.0764	0.0026	1.061
58032.15451	12.0815	0.0026	1.062
58032.15500	12.0960	0.0026	1.062
58032.15549	12.0752	0.0026	1.063
58032.15597	12.0806	0.0026	1.064
58032.15648	12.0692	0.0025	1.065
58032.15694	12.0748	0.0024	1.065
58032.15743	12.0829	0.0023	1.066
58032.15792	12.0758	0.0022	1.067
58032.15841	12.0842	0.0021	1.067
58032.15890	12.0806	0.0020	1.068
58032.15939	12.0815	0.0019	1.069
58032.15987	12.0766	0.0019	1.070
58032.16037	12.0795	0.0019	1.070
58032.16086	12.0899	0.0019	1.071
58032.16135	12.0790	0.0020	1.072
58032.16184	12.0748	0.0021	1.073
58032.16233	12.0823	0.0021	1.074
58032.16280	12.0913	0.0022	1.074
58032.16330	12.0722	0.0023	1.075
58032.16378	12.0823	0.0023	1.076
58032.16427	12.0896	0.0023	1.077
58032.16477	12.0805	0.0023	1.078
58032.16525	12.0746	0.0023	1.079
58032.16574	12.0928	0.0022	1.079
58032.16623	12.0824	0.0021	1.080
58032.16672	12.0876	0.0020	1.081
58032.16721	12.0736	0.0019	1.082
58032.16770	12.0915	0.0018	1.083
58032.16818	12.0931	0.0017	1.084
58032.16868	12.0828	0.0015	1.085
58032.16917	12.0755	0.0014	1.086
58032.16965	12.0820	0.0014	1.086
58032.17015	12.0855	0.0015	1.087
58032.17064	12.0870	0.0016	1.088
58032.17112	12.0912	0.0018	1.089
58032.17162	12.0811	0.0020	1.090
58032.17211	12.0910	0.0022	1.091
58032.17259	12.0780	0.0023	1.092
58032.17308	12.0972	0.0025	1.093
58032.17358	12.0830	0.0026	1.094
58032.17406	12.0835	0.0027	1.095
58032.17456	12.0842	0.0027	1.096
58032.17505	12.0835	0.0027	1.097
58032.17553	12.0669	0.0026	1.098
58032.17602	12.0828	0.0025	1.099
58032.17650	12.0915	0.0024	1.100
58032.17699	12.0775	0.0023	1.101
58032.17749	12.0794	0.0022	1.102
58032.17797	12.0887	0.0021	1.103
58032.17846	12.0762	0.0020	1.104
58032.17895	12.0882	0.0019	1.105
58032.17943	12.0805	0.0018	1.106
58032.17992	12.0807	0.0017	1.107
58032.18042	12.0846	0.0016	1.108
58032.18090	12.0821	0.0016	1.109
58032.18139	12.0880	0.0015	1.111
58032.18187	12.0821	0.0015	1.112
58032.18236	12.0844	0.0015	1.113
58032.18286	12.0864	0.0015	1.114
58032.18334	12.0815	0.0016	1.115
58032.18383	12.0752	0.0016	1.116
58032.18432	12.0836	0.0018	1.117
58032.18481	12.0892	0.0019	1.119
58032.18530	12.0777	0.0020	1.120
58032.18579	12.0865	0.0021	1.121
58032.18627	12.0833	0.0022	1.122
58032.18677	12.0834	0.0022	1.123
58032.18726	12.0885	0.0022	1.124
58032.18774	12.0896	0.0022	1.126
58032.18823	12.0805	0.0022	1.127
58032.18873	12.0849	0.0022	1.128
58032.18921	12.0713	0.0021	1.129
58032.18970	12.0907	0.0020	1.131
58032.19019	12.0843	0.0020	1.132
58032.19066	12.0741	0.0019	1.133
58032.19116	12.0884	0.0019	1.134
58032.19164	12.0737	0.0019	1.136
58032.19213	12.0854	0.0018	1.137
58032.19262	12.0817	0.0019	1.138
58032.19310	12.0700	0.0019	1.140
58032.19358	12.0859	0.0019	1.141
58032.19407	12.0849	0.0019	1.142
58032.19456	12.0833	0.0020	1.144
58032.19505	12.0780	0.0020	1.145
58032.19553	12.0751	0.0020	1.146
58032.19602	12.0824	0.0020	1.148
58032.19650	12.0853	0.0020	1.149
58032.19699	12.0823	0.0019	1.150
58032.19749	12.0884	0.0019	1.152
58032.19797	12.0841	0.0019	1.153
58032.19846	12.0873	0.0018	1.155
58032.19895	12.0816	0.0018	1.156
58032.19943	12.0811	0.0017	1.157
58032.19993	12.0809	0.0017	1.159
58032.20042	12.0834	0.0018	1.160
58032.20090	12.0853	0.0018	1.162
58032.20139	12.0934	0.0019	1.163
58032.20189	12.0831	0.0020	1.165
58032.20237	12.0826	0.0021	1.166
58032.20286	12.0872	0.0023	1.168
58032.20334	12.0867	0.0024	1.169
58032.20384	12.0838	0.0025	1.171
58032.20432	12.0813	0.0026	1.172
58032.20480	12.0871	0.0026	1.174
58032.20530	12.0794	0.0026	1.175
58032.20579	12.0839	0.0027	1.177
58032.20627	12.0778	0.0026	1.179
58032.20677	12.0871	0.0026	1.180
58032.20726	12.0786	0.0025	1.182
58032.20774	12.0908	0.0024	1.183
58032.20823	12.0827	0.0023	1.185
58032.20872	12.0779	0.0022	1.187
58032.20920	12.0883	0.0020	1.188
58032.20969	12.0846	0.0020	1.190
58032.21017	12.0764	0.0020	1.192
58032.21066	12.0844	0.0020	1.193
58032.21115	12.0782	0.0020	1.195
58032.21163	12.0859	0.0021	1.197
58032.21212	12.0815	0.0023	1.198
58032.21260	12.0697	0.0024	1.200
58032.21309	12.0825	0.0026	1.202
58032.21358	12.0933	0.0028	1.203
58032.21407	12.0803	0.0029	1.205
58032.21456	12.0737	0.0030	1.207
58032.21505	12.0846	0.0030	1.209
58032.21553	12.0802	0.0030	1.211
58032.21602	12.0791	0.0030	1.212
58032.21650	12.0874	0.0030	1.214
58032.21699	12.0763	0.0030	1.216
58032.21748	12.0768	0.0029	1.218
58032.21796	12.0818	0.0028	1.220
58032.21844	12.0846	0.0028	1.221
58032.21894	12.0780	0.0027	1.223
58032.21941	12.0758	0.0027	1.225
58032.21990	12.0839	0.0028	1.227
58032.22038	12.0775	0.0028	1.229
58032.22088	12.0821	0.0029	1.231
58032.22137	12.0865	0.0029	1.233
58032.22186	12.0793	0.0030	1.235
58032.22235	12.0758	0.0031	1.237
58032.22284	12.0816	0.0031	1.239
58032.22331	12.0758	0.0032	1.241
58032.22380	12.0869	0.0032	1.243
58032.22428	12.0903	0.0031	1.245
58032.22478	12.0851	0.0030	1.247
58032.22527	12.0732	0.0029	1.249
58032.22575	12.0809	0.0028	1.251
58032.22623	12.0867	0.0026	1.253
58032.22671	12.0906	0.0025	1.255
58032.22721	12.0794	0.0023	1.257
58032.22770	12.0896	0.0021	1.259
58032.22817	12.0851	0.0020	1.261
58032.22866	12.0842	0.0019	1.263
58032.22914	12.0789	0.0019	1.265
58032.22962	12.0908	0.0019	1.268
58032.23012	12.0838	0.0020	1.270
58032.23060	12.0930	0.0020	1.272
58032.23109	12.0799	0.0022	1.274
58032.23157	12.0815	0.0022	1.276
58032.23206	12.0896	0.0024	1.279
58032.23255	12.0747	0.0024	1.281
58032.23303	12.0877	0.0025	1.283
58032.23352	12.0961	0.0025	1.285
58032.23400	12.0810	0.0025	1.288
58032.23450	12.0901	0.0025	1.290
58032.23499	12.0893	0.0024	1.292
58032.23546	12.0689	0.0024	1.294
58032.23595	12.0851	0.0023	1.297
58032.23645	12.0748	0.0022	1.299
58032.23693	12.0816	0.0021	1.302
58032.23742	12.0943	0.0020	1.304
58032.23791	12.0781	0.0019	1.306
58032.23840	12.0846	0.0019	1.309
58032.23889	12.0771	0.0019	1.311
58032.23937	12.0854	0.0020	1.314
58032.23986	12.0952	0.0021	1.316
58032.24035	12.0842	0.0022	1.319
58032.24083	12.0773	0.0024	1.321
58032.24133	12.0973	0.0025	1.324
58032.24182	12.0774	0.0026	1.326
58032.24230	12.0723	0.0027	1.329
58032.24279	12.0808	0.0027	1.331
58032.24328	12.0875	0.0028	1.334
58032.24376	12.0862	0.0028	1.336
58032.24425	12.0831	0.0028	1.339
58032.24473	12.0866	0.0027	1.342
58032.24523	12.0863	0.0026	1.344
58032.24572	12.0823	0.0026	1.347
58032.24619	12.0979	0.0025	1.350
58032.24668	12.0900	0.0025	1.352
58032.24716	12.0829	0.0025	1.355
58032.24765	12.0907	0.0024	1.358
58032.24812	12.0849	0.0024	1.360
58032.24861	12.0693	0.0024	1.363
58032.24909	12.0807	0.0023	1.366
58032.24958	12.0916	0.0022	1.369
58032.25007	12.0872	0.0022	1.371
58032.25057	12.0761	0.0021	1.374
58032.25105	12.0890	0.0021	1.377
58032.25154	12.0969	0.0021	1.380
58032.25201	12.0926	0.0021	1.383
58032.25250	12.0804	0.0021	1.386
58032.25299	12.0907	0.0021	1.389
58032.25347	12.0723	0.0022	1.392
58032.25396	12.0858	0.0023	1.394
58032.25444	12.0821	0.0024	1.397
58032.25493	12.0828	0.0026	1.400
58032.25543	12.0932	0.0027	1.404
58032.25591	12.0880	0.0029	1.407
58032.25640	12.0878	0.0031	1.410
58032.25689	12.0946	0.0032	1.413
58032.25737	12.0724	0.0034	1.416
58032.25786	12.0877	0.0035	1.419
58032.25834	12.0899	0.0036	1.422
58032.25884	12.0743	0.0036	1.425
58032.25932	12.0837	0.0036	1.428
58032.25980	12.0953	0.0035	1.431
58032.26029	12.0885	0.0034	1.435
58032.26079	12.0915	0.0032	1.438
58032.26128	12.0845	0.0030	1.441
58032.26177	12.0813	0.0028	1.445
58032.26225	12.0826	0.0025	1.448
58032.26273	12.0831	0.0023	1.451
58032.26322	12.0943	0.0022	1.454
58032.26370	12.0938	0.0021	1.458
58032.26419	12.0881	0.0020	1.461
58032.26468	12.0807	0.0020	1.465
58032.26516	12.0767	0.0021	1.468
58032.26565	12.0853	0.0022	1.471
58032.26613	12.0903	0.0023	1.475
58032.26663	12.0881	0.0025	1.479
58032.26713	.	0.0026	1.482
58032.26760	.	0.0027	1.486
58032.26810	.	0.0028	1.489
58032.26859	.	0.0029	1.493
58032.26907	.	0.0029	1.496
58032.26957	.	0.0029	1.500
58032.27006	.	0.0028	1.504
58032.27054	.	0.0027	1.507
58032.27103	.	0.0025	1.511
58032.27152	.	0.0024	1.515
58032.27200	.	0.0022	1.519
58032.27250	.	0.0021	1.523
58032.27297	.	0.0019	1.526
58032.27346	.	0.0018	1.530
58032.27395	.	0.0017	1.534
58032.27443	.	0.0017	1.538
58032.27493	.	0.0017	1.542
58032.27542	.	0.0017	1.546
58032.27590	.	0.0017	1.550
58032.27639	.	0.0018	1.554
58032.27687	.	0.0018	1.558
58032.27737	.	0.0019	1.562
58032.27786	.	0.0019	1.566
58032.27834	.	0.0020	1.570
58032.27882	.	0.0020	1.574
58032.27931	.	0.0021	1.578
58032.27979	.	0.0021	1.582
58032.28028	.	0.0021	1.587
58032.28076	.	0.0022	1.591
58032.28125	.	0.0023	1.595
58032.28174	.	0.0023	1.599
58032.28221	.	0.0024	1.604
58032.28270	.	0.0025	1.608
58032.28319	.	0.0025	1.613
58032.28368	.	0.0026	1.617
58032.28417	.	0.0026	1.621
58032.28465	.	0.0027	1.626
58032.28514	.	0.0027	1.630
58032.28563	.	0.0027	1.635
58032.28612	.	0.0027	1.640
58032.28661	.	0.0026	1.644
58032.28709	.	0.0025	1.649
58032.28759	.	0.0025	1.654
58032.28808	.	0.0024	1.658
58032.28856	.	0.0023	1.663
58032.28906	.	0.0023	1.668
58032.28955	.	0.0022	1.673
58032.29003	.	0.0021	1.678
58032.29052	.	0.0021	1.683
58032.29101	.	0.0021	1.687
58032.29150	.	0.0022	1.693
58032.29198	.	0.0022	1.697
58032.29248	.	0.0023	1.703
58032.29295	.	0.0024	1.707
58032.29344	.	0.0025	1.713
58032.29394	.	0.0026	1.718
58032.29442	.	0.0028	1.723
58032.29491	.	0.0030	1.728
58032.29539	.	0.0032	1.733
58032.29588	.	0.0034	1.739
58032.29637	.	0.0036	1.744
58032.29685	.	0.0038	1.749
58032.29734	.	0.0040	1.755
58032.29782	.	0.0041	1.760
58032.29832	.	0.0043	1.766
58032.29880	.	0.0044	1.771
58032.29929	.	0.0044	1.777
58032.29978	.	0.0043	1.782
58032.30028	.	0.0043	1.788
58032.30076	.	0.0042	1.794
58032.30124	.	0.0040	1.799
58032.30172	.	0.0038	1.805
58032.30222	.	0.0036	1.811
58032.30272	.	0.0034	1.817
58032.30321	.	0.0033	1.823
58032.30367	.	0.0032	1.829
58032.30416	.	0.0033	1.835
58032.30464	.	0.0035	1.841
58032.30514	.	0.0037	1.847
58032.30561	.	0.0040	1.853
58032.30610	.	0.0042	1.859
58032.30659	.	0.0045	1.865
58032.30707	.	0.0046	1.871
58032.30757	.	0.0047	1.878
58032.30807	.	0.0048	1.884
58032.30855	.	0.0048	1.891
58032.30904	.	0.0048	1.897
58032.30951	.	0.0047	1.904
58032.31000	.	0.0046	1.910
58032.31050	.	0.0045	1.917
58032.31098	.	0.0043	1.923
58032.31147	.	0.0043	1.930
58032.31197	.	0.0042	1.937
58032.31245	.	0.0043	1.944
58032.31294	.	0.0043	1.951
58032.31344	.	0.0042	1.958
58032.31392	.	0.0041	1.965
58032.31441	.	0.0040	1.972
58032.31491	.	0.0039	1.979
58032.31539	.	0.0038	1.986
58032.31588	.	0.0037	1.993
58032.31638	.	0.0036	2.001
58032.31686	.	0.0034	2.008
58032.31735	.	0.0032	2.016
58032.31784	.	0.0030	2.023
58032.31833	.	0.0029	2.031
58032.31882	.	0.0029	2.038
58032.31931	.	0.0029	2.046
58032.31980	.	0.0028	2.054
58032.32028	.	0.0029	2.061
58032.32076	.	0.0029	2.069
58032.32125	.	0.0029	2.077
58032.32174	.	0.0030	2.085
58032.32220	.	0.0030	2.092
58032.32267	.	0.0031	2.100
58032.32316	.	0.0032	2.108
58032.32365	.	0.0033	2.117
58032.32414	.	0.0035	2.125
58032.32463	.	0.0036	2.133
58032.32512	.	0.0037	2.142
58032.32561	.	0.0039	2.150
58032.32610	.	0.0040	2.159
58032.32659	.	0.0041	2.168
58032.32708	.	0.0042	2.176
58032.32758	.	0.0043	2.185
58032.32807	.	0.0043	2.194
58032.32855	.	0.0044	2.203
58032.32904	.	0.0044	2.212
58032.32954	.	0.0044	2.221
58032.33002	.	0.0043	2.231
58032.33051	.	0.0043	2.240
58032.33100	.	0.0043	2.249
58032.33148	.	0.0043	2.259
58032.33197	.	0.0042	2.268
58032.33245	.	0.0042	2.278
58032.33294	.	0.0041	2.287
58032.33344	.	0.0041	2.297
58032.33392	.	0.0041	2.307
58032.33441	.	0.0041	2.317
58032.33491	.	0.0041	2.327
58032.33539	.	0.0040	2.337
58032.33588	.	0.0039	2.347
58032.33637	.	0.0038	2.358
58032.33686	.	0.0036	2.368
58032.33734	.	0.0058	2.379
