12 header lines (incl this one)
Object: KIC846
UT Date for start of observations: 2017.10.28
Observer: B.Gary
Band: g'-band, 18 ref star calibration 
Telescope: Meade 14" LX200-GPS, no FR
CCD: SBIG ST-10XME
Col 1: MJD (defined = JD - 2400000.5)
Col 2: g'-mag
Col 3: SE
Col 4: air mass

58054.05056	12.0707	0.0025	1.027
58054.05103	12.0757	0.0025	1.027
58054.05152	12.0718	0.0026	1.027
58054.05200	12.0813	0.0015	1.028
58054.05249	12.0841	0.0017	1.028
58054.05297	12.0697	0.0018	1.028
58054.05345	12.0743	0.0020	1.028
58054.05394	12.0784	0.0022	1.028
58054.05442	12.0792	0.0024	1.028
58054.05491	12.0840	0.0025	1.028
58054.05538	12.0798	0.0026	1.029
58054.05587	12.0761	0.0026	1.029
58054.05634	12.0804	0.0027	1.029
58054.05682	12.0802	0.0027	1.029
58054.05730	12.0783	0.0027	1.029
58054.05779	12.0720	0.0026	1.029
58054.05828	12.0768	0.0025	1.030
58054.05876	12.0871	0.0024	1.030
58054.05925	12.0867	0.0023	1.030
58054.05971	12.0782	0.0021	1.030
58054.06019	12.0913	0.0020	1.030
58054.06068	12.0785	0.0018	1.031
58054.06116	12.0713	0.0017	1.031
58054.06163	12.0869	0.0016	1.031
58054.06211	12.0793	0.0016	1.031
58054.06258	12.0815	0.0015	1.032
58054.06307	12.0719	0.0015	1.032
58054.06354	12.0868	0.0015	1.032
58054.06403	12.0740	0.0015	1.032
58054.06450	12.0737	0.0015	1.033
58054.06499	12.0795	0.0016	1.033
58054.06547	12.0753	0.0016	1.033
58054.06596	12.0864	0.0016	1.033
58054.06645	12.0780	0.0016	1.034
58054.06693	12.0810	0.0016	1.034
58054.06742	12.0814	0.0016	1.034
58054.06788	12.0775	0.0016	1.035
58054.06837	12.0772	0.0016	1.035
58054.06885	12.0773	0.0016	1.035
58054.06934	12.0814	0.0015	1.036
58054.06983	12.0758	0.0015	1.036
58054.07031	12.0820	0.0015	1.036
58054.07080	12.0841	0.0014	1.037
58054.07176	12.0778	0.0014	1.037
58054.07225	12.0758	0.0013	1.038
58054.07273	12.0787	0.0013	1.038
58054.07321	12.0811	0.0012	1.039
58054.07368	12.0747	0.0012	1.039
58054.07417	12.0809	0.0012	1.039
58054.07465	12.0775	0.0012	1.040
58054.07513	12.0795	0.0012	1.040
58054.07561	12.0808	0.0013	1.041
58054.07610	12.0733	0.0014	1.041
58054.07659	12.0739	0.0015	1.041
58054.07707	12.0794	0.0016	1.042
58054.07755	12.0828	0.0017	1.042
58054.07803	12.0806	0.0018	1.043
58054.07850	12.0775	0.0018	1.043
58054.07898	12.0801	0.0018	1.044
58054.07946	12.0830	0.0018	1.044
58054.07994	12.0803	0.0017	1.045
58054.08043	12.0845	0.0017	1.045
58054.08090	12.0799	0.0016	1.046
58054.08139	12.0790	0.0015	1.046
58054.08186	12.0835	0.0014	1.047
58054.08234	12.0784	0.0013	1.047
58054.08330	12.0892	0.0013	1.048
58054.08377	12.0759	0.0012	1.049
58054.08425	12.0825	0.0011	1.049
58054.08472	12.0791	0.0011	1.050
58054.08522	12.0717	0.0010	1.050
58054.08569	12.0788	0.0010	1.051
58054.08618	12.0840	0.0009	1.051
58054.08667	12.0833	0.0009	1.052
58054.08715	12.0806	0.0009	1.052
58054.08764	12.0799	0.0009	1.053
58054.08811	12.0713	0.0009	1.054
58054.08860	12.0758	0.0009	1.054
58054.08909	12.0853	0.0009	1.055
58054.08957	12.0805	0.0010	1.055
58054.09005	12.0787	0.0010	1.056
58054.09053	12.0798	0.0010	1.057
58054.09102	12.0725	0.0010	1.057
58054.09150	12.0758	0.0010	1.058
58054.09198	12.0756	0.0011	1.058
58054.09245	12.0832	0.0011	1.059
58054.09294	12.0821	0.0012	1.060
58054.09343	12.0858	0.0012	1.060
58054.09391	12.0794	0.0013	1.061
58054.09440	12.0734	0.0013	1.062
58054.09488	12.0804	0.0014	1.062
58054.09537	12.0849	0.0015	1.063
58054.09586	12.0869	0.0015	1.064
58054.09632	12.0780	0.0016	1.064
58054.09681	12.0772	0.0017	1.065
58054.09729	12.0852	0.0017	1.066
58054.09778	12.0787	0.0017	1.067
58054.09826	12.0813	0.0017	1.067
58054.09875	12.0784	0.0017	1.068
58054.09924	12.0819	0.0017	1.069
58054.09972	12.0837	0.0016	1.070
58054.10021	12.0778	0.0015	1.070
58054.10069	12.0756	0.0014	1.071
58054.10117	12.0815	0.0013	1.072
58054.10166	12.0846	0.0012	1.073
58054.10214	12.0812	0.0011	1.073
58054.10262	12.0746	0.0010	1.074
58054.10309	12.0770	0.0010	1.075
58054.10358	12.0743	0.0010	1.076
58054.10406	12.0659	0.0010	1.077
58054.10455	12.0807	0.0010	1.077
58054.10503	12.0876	0.0011	1.078
58054.10552	12.0780	0.0011	1.079
58054.10600	12.0813	0.0012	1.080
58054.10648	12.0826	0.0012	1.081
58054.10696	12.0832	0.0013	1.082
58054.10744	12.0783	0.0013	1.083
58054.10793	12.0774	0.0014	1.083
58054.10841	12.0751	0.0014	1.084
58054.10889	12.0774	0.0014	1.085
58054.10938	12.0777	0.0014	1.086
58054.10986	12.0778	0.0015	1.087
58054.11035	12.0807	0.0015	1.088
58054.11083	12.0770	0.0015	1.089
58054.11132	12.0765	0.0015	1.090
58054.11181	12.0772	0.0016	1.091
58054.11227	12.0817	0.0017	1.092
58054.11275	12.0713	0.0018	1.092
58054.11323	12.0864	0.0018	1.093
58054.11373	12.0781	0.0019	1.094
58054.11420	12.0881	0.0019	1.095
58054.11469	12.0851	0.0019	1.096
58054.11516	12.0732	0.0019	1.097
58054.11565	12.0761	0.0019	1.098
58054.11613	12.0825	0.0018	1.099
58054.11662	12.0786	0.0017	1.100
58054.11709	12.0688	0.0016	1.101
58054.11758	12.0821	0.0015	1.102
58054.11806	12.0870	0.0014	1.103
58054.11853	12.0806	0.0013	1.104
58054.11902	12.0818	0.0013	1.105
58054.11949	12.0792	0.0013	1.106
58054.11997	12.0838	0.0014	1.108
58054.12044	12.0797	0.0014	1.109
58054.12091	12.0732	0.0014	1.110
58054.12140	12.0829	0.0015	1.111
58054.12188	12.0810	0.0016	1.112
58054.12236	12.0835	0.0016	1.113
58054.12285	12.0830	0.0016	1.114
58054.12332	12.0810	0.0017	1.115
58054.12429	12.0722	0.0017	1.117
58054.12478	12.0797	0.0018	1.119
58054.12525	12.0851	0.0019	1.120
58054.12573	12.0814	0.0019	1.121
58054.12622	12.0859	0.0019	1.122
58054.12669	12.0827	0.0019	1.123
58054.12718	12.0848	0.0019	1.124
58054.12766	12.0806	0.0019	1.126
58054.12814	12.0742	0.0018	1.127
58054.12861	12.0805	0.0017	1.128
58054.12910	12.0824	0.0017	1.129
58054.12957	12.0878	0.0016	1.130
58054.13006	12.0791	0.0015	1.132
58054.13053	12.0788	0.0014	1.133
58054.13102	12.0760	0.0014	1.134
58054.13150	12.0835	0.0014	1.135
58054.13199	12.0776	0.0014	1.137
58054.13247	12.0848	0.0015	1.138
58054.13294	12.0788	0.0015	1.139
58054.13341	12.0802	0.0016	1.141
58054.13390	12.0789	0.0016	1.142
58054.13437	12.0836	0.0016	1.143
58054.13485	12.0752	0.0017	1.145
58054.13532	12.0864	0.0017	1.146
58054.13630	12.0773	0.0017	1.149
58054.13678	12.0795	0.0017	1.150
58054.13727	12.0748	0.0017	1.151
58054.13774	12.0837	0.0016	1.153
58054.13823	12.0814	0.0016	1.154
58054.13870	12.0841	0.0015	1.155
58054.13919	12.0804	0.0015	1.157
58054.13966	12.0837	0.0014	1.158
58054.14015	12.0771	0.0014	1.160
58054.14063	12.0737	0.0013	1.161
58054.14111	12.0810	0.0013	1.163
58054.14159	12.0846	0.0013	1.164
58054.14207	12.0774	0.0013	1.166
58054.14256	12.0823	0.0013	1.167
58054.14303	12.0797	0.0013	1.169
58054.14352	12.0709	0.0014	1.170
58054.14400	12.0806	0.0014	1.172
58054.14447	12.0788	0.0014	1.173
58054.14494	12.0740	0.0014	1.175
58054.14542	12.0793	0.0015	1.176
58054.14590	12.0721	0.0015	1.178
58054.14638	12.0754	0.0015	1.179
58054.14686	12.0856	0.0015	1.181
58054.14736	12.0787	0.0014	1.182
58054.14784	12.0742	0.0014	1.184
58054.14832	12.0834	0.0013	1.186
58054.14881	12.0728	0.0013	1.187
58054.14929	12.0844	0.0013	1.189
58054.14978	12.0720	0.0012	1.190
58054.15027	12.0785	0.0012	1.192
58054.15074	12.0820	0.0012	1.194
58054.15120	12.0814	0.0012	1.195
58054.15169	12.0825	0.0013	1.197
58054.15218	12.0846	0.0013	1.199
58054.15265	12.0871	0.0013	1.200
58054.15313	12.0801	0.0013	1.202
58054.15361	12.0765	0.0014	1.204
58054.15407	12.0816	0.0014	1.206
58054.15456	12.0805	0.0015	1.207
58054.15503	12.0852	0.0015	1.209
58054.15552	12.0819	0.0015	1.211
58054.15744	12.0714	0.0016	1.218
58054.15793	12.0817	0.0016	1.220
58054.15841	12.0825	0.0016	1.222
58054.15888	12.0835	0.0017	1.223
58054.15934	12.0741	0.0017	1.225
58054.15983	12.0791	0.0017	1.227
58054.16031	12.0828	0.0017	1.229
58054.16078	12.0801	0.0017	1.231
58054.16126	12.0707	0.0017	1.233
58054.16174	12.0840	0.0017	1.235
58054.16222	12.0817	0.0017	1.237
58054.16271	12.0777	0.0017	1.239
58054.16319	12.0779	0.0017	1.241
58054.16368	12.0826	0.0017	1.243
58054.16414	12.0734	0.0018	1.244
58054.16462	12.0796	0.0019	1.246
58054.16510	12.0862	0.0019	1.248
58054.16559	12.0804	0.0019	1.250
58054.16606	12.0874	0.0019	1.252
58054.16655	12.0801	0.0019	1.255
58054.16703	12.0759	0.0019	1.257
58054.16751	12.0798	0.0018	1.259
58054.16799	12.0812	0.0018	1.261
58054.16846	12.0840	0.0017	1.263
58054.16894	12.0865	0.0017	1.265
58054.16943	12.0840	0.0016	1.267
58054.16991	12.0810	0.0017	1.269
58054.17038	12.0801	0.0017	1.271
58054.17086	12.0900	0.0017	1.273
58054.17133	12.0771	0.0018	1.276
58054.17182	12.0757	0.0018	1.278
58054.17230	12.0788	0.0019	1.280
58054.17278	12.0729	0.0019	1.282
58054.17326	12.0892	0.0020	1.284
58054.17375	12.0836	0.0020	1.287
58054.17424	12.0785	0.0020	1.289
58054.17472	12.0817	0.0020	1.291
58054.17521	12.0693	0.0019	1.294
58054.17617	12.0727	0.0019	1.298
58054.17666	12.0752	0.0019	1.301
58054.17714	12.0758	0.0019	1.303
58054.17760	12.0799	0.0018	1.305
58054.17809	12.0718	0.0018	1.308
58054.17858	12.0680	0.0017	1.310
58054.17905	12.0728	0.0016	1.312
58054.17954	12.0817	0.0015	1.315
58054.18003	12.0769	0.0015	1.317
58054.18100	12.0742	0.0014	1.322
58054.18148	12.0832	0.0014	1.325
58054.18197	12.0735	0.0014	1.327
58054.18244	12.0765	0.0014	1.330
58054.18293	12.0842	0.0015	1.332
58054.18341	12.0812	0.0015	1.335
58054.18390	12.0804	0.0016	1.337
58054.18438	12.0789	0.0016	1.340
58054.18485	12.0672	0.0016	1.343
58054.18534	12.0736	0.0016	1.345
58054.18582	12.0802	0.0016	1.348
58054.18631	12.0767	0.0016	1.351
58054.18678	12.0796	0.0016	1.353
58054.18726	12.0789	0.0016	1.356
58054.18774	12.0713	0.0016	1.359
58054.18822	12.0779	0.0017	1.361
58054.18870	12.0791	0.0017	1.364
58054.18918	12.0882	0.0017	1.367
58054.18966	12.0739	0.0018	1.369
58054.19014	12.0790	0.0018	1.372
58054.19062	12.0762	0.0017	1.375
58054.19111	12.0766	0.0017	1.378
58054.19160	12.0800	0.0017	1.381
58054.19207	12.0831	0.0017	1.384
58054.19255	12.0793	0.0017	1.386
58054.19303	12.0858	0.0017	1.389
58054.19352	12.0810	0.0017	1.392
58054.19449	12.0754	0.0017	1.398
58054.19497	12.0839	0.0017	1.401
58054.19594	12.0712	0.0014	1.407
58054.19640	12.0869	0.0014	1.410
58054.19687	.	0.0015	1.413
58054.19784	12.0792	0.0015	1.419
58054.19832	12.0698	0.0016	1.422
58054.19881	12.0755	0.0019	1.425
58054.19928	12.0757	0.0020	1.429
58054.19976	12.0804	0.0020	1.432
58054.20023	12.0696	0.0020	1.435
58054.20072	12.0809	0.0020	1.438
58054.20119	12.0782	0.0020	1.441
58054.20168	12.0835	0.0020	1.444
58054.20214	12.0710	0.0020	1.448
58054.20262	12.0785	0.0021	1.451
58054.20310	12.0812	0.0020	1.454
58054.20359	12.0755	0.0020	1.457
58054.20406	12.0824	0.0020	1.461
58054.20454	12.0872	0.0020	1.464
58054.20502	12.0911	0.0020	1.468
58054.20551	12.0765	0.0019	1.471
58054.20600	12.0813	0.0019	1.474
58054.20648	12.0751	0.0018	1.478
58054.20696	12.0758	0.0017	1.481
58054.20744	12.0734	0.0017	1.485
58054.20793	12.0782	0.0016	1.488
58054.20840	12.0776	0.0015	1.492
58054.20889	12.0882	0.0015	1.496
58054.20938	12.0767	0.0014	1.499
58054.21035	12.0732	0.0014	1.507
58054.21083	12.0698	0.0013	1.510
58054.21131	12.0828	0.0013	1.514
58054.21179	12.0718	0.0012	1.518
58054.21228	12.0852	0.0023	1.521
