12 header lines (incl this one)
Object: KIC846
UT Date for start of observations: 2017.12.25
Observer: B.Gary
Band: g'-band, 17 ref star calibration 
Telescope: Meade 14" LX200-GPS, no FR
CCD: SBIG ST-10XME
Col 1: MJD (defined = JD - 2400000.5)
Col 2: g'-mag
Col 3: SE
Col 4: air mass

58112.04428	12.0834	0.0026	1.451
58112.04529	12.0740	0.0026	1.458
58112.04580	12.0744	0.0020	1.461
58112.04631	12.0756	0.0026	1.465
58112.04681	12.0736	0.0027	1.469
58112.04731	12.0773	0.0028	1.472
58112.04782	12.0803	0.0029	1.476
58112.04833	12.0716	0.0029	1.479
58112.04887	12.0915	0.0028	1.483
58112.04937	12.0870	0.0027	1.487
58112.04987	12.0826	0.0026	1.491
58112.05038	12.0724	0.0025	1.495
58112.05089	12.0794	0.0026	1.498
58112.05140	12.0830	0.0027	1.502
58112.05191	12.0823	0.0028	1.506
58112.05241	12.0826	0.0029	1.510
58112.05292	12.0820	0.0030	1.514
58112.05341	12.0848	0.0030	1.517
58112.05391	12.0880	0.0030	1.521
58112.05442	12.0887	0.0029	1.525
58112.05492	12.0893	0.0028	1.529
58112.05543	12.0858	0.0027	1.533
58112.05594	12.0883	0.0024	1.537
58112.05645	12.0822	0.0022	1.541
58112.05696	12.0868	0.0019	1.546
58112.05747	12.0980	0.0018	1.550
58112.05796	12.0806	0.0016	1.554
58112.05847	12.0838	0.0015	1.558
58112.05898	12.0750	0.0015	1.562
58112.05948	12.0797	0.0015	1.566
58112.05999	12.0898	0.0015	1.571
58112.06050	12.0774	0.0016	1.575
58112.06101	12.0826	0.0016	1.579
58112.06150	12.0808	0.0017	1.584
58112.06201	12.0904	0.0017	1.588
58112.06252	12.0931	0.0018	1.593
58112.06303	12.0811	0.0019	1.597
58112.06353	12.0760	0.0020	1.602
58112.06404	12.0749	0.0022	1.606
58112.06455	12.0827	0.0023	1.611
58112.06505	12.0835	0.0024	1.615
58112.06552	12.0874	0.0025	1.620
58112.06602	12.0878	0.0026	1.624
58112.06653	12.0785	0.0026	1.629
58112.06704	12.0830	0.0025	1.634
58112.06755	12.0910	0.0024	1.638
58112.06804	12.0780	0.0023	1.643
58112.06855	12.0855	0.0022	1.648
58112.06903	12.0899	0.0021	1.652
58112.06953	12.0833	0.0020	1.657
58112.07003	12.0840	0.0019	1.662
58112.07051	12.0815	0.0019	1.667
58112.07102	12.0792	0.0020	1.672
58112.07152	12.0899	0.0021	1.677
58112.07203	12.0846	0.0023	1.682
58112.07253	12.0850	0.0024	1.687
58112.07304	12.0797	0.0025	1.692
58112.07355	12.0780	0.0026	1.697
58112.07405	12.0803	0.0027	1.703
58112.07456	12.0860	0.0028	1.708
58112.07506	12.0867	0.0028	1.713
58112.07557	12.0855	0.0029	1.718
58112.07606	12.0872	0.0030	1.724
58112.07657	12.0935	0.0030	1.729
58112.07707	12.0852	0.0030	1.735
58112.07758	12.0790	0.0030	1.740
58112.07809	12.0762	0.0029	1.746
58112.07859	12.0765	0.0029	1.751
58112.07909	12.0957	0.0028	1.757
58112.07958	12.0899	0.0028	1.762
58112.08008	12.0843	0.0027	1.768
58112.08059	12.0943	0.0026	1.774
58112.08110	12.0892	0.0025	1.780
58112.08161	12.0865	0.0024	1.785
58112.08212	12.0943	0.0023	1.791
58112.08262	12.0894	0.0022	1.797
58112.08312	12.0913	0.0021	1.803
58112.08363	12.0775	0.0021	1.809
58112.08414	12.0792	0.0020	1.815
58112.08464	12.0884	0.0019	1.821
58112.08515	12.0799	0.0018	1.828
58112.08566	12.0869	0.0017	1.834
58112.08616	12.0881	0.0016	1.840
58112.08667	12.0744	0.0016	1.846
58112.08719	12.0842	0.0016	1.853
58112.08769	12.0903	0.0015	1.859
58112.08818	12.0909	0.0015	1.866
58112.08868	12.0870	0.0015	1.872
58112.08918	12.0776	0.0015	1.878
58112.08969	12.0853	0.0015	1.885
58112.09019	12.0831	0.0015	1.892
58112.09069	12.0820	0.0015	1.898
58112.09119	12.0753	0.0015	1.905
58112.09170	12.0836	0.0015	1.912
58112.09220	12.0864	0.0015	1.919
58112.09272	12.0750	0.0015	1.926
58112.09322	12.0875	0.0016	1.933
58112.09373	12.0827	0.0016	1.940
58112.09422	12.0823	0.0016	1.947
58112.09472	12.0733	0.0017	1.954
58112.09523	12.0820	0.0017	1.961
58112.09574	12.0776	0.0018	1.968
58112.09624	12.0844	0.0018	1.976
58112.09675	12.0900	0.0019	1.983
58112.09725	12.0760	0.0020	1.990
58112.09775	12.0811	0.0020	1.998
58112.09826	12.0923	0.0021	2.006
58112.09876	12.0944	0.0021	2.013
58112.09927	12.0866	0.0022	2.021
58112.09973	12.0883	0.0022	2.028
58112.10025	12.0859	0.0022	2.036
58112.10075	12.0864	0.0022	2.044
58112.10125	12.0825	0.0022	2.052
58112.10176	12.0850	0.0022	2.060
58112.10226	12.0935	0.0022	2.068
58112.10278	12.0754	0.0022	2.076
58112.10328	12.0866	0.0021	2.084
58112.10377	12.0802	0.0021	2.093
58112.10428	12.0840	0.0022	2.101
58112.10479	12.0859	0.0022	2.109
58112.10527	12.0953	0.0022	2.117
58112.10576	12.0804	0.0022	2.126
58112.10627	12.0806	0.0022	2.135
58112.10675	12.0766	0.0022	2.143
58112.10726	12.0804	0.0022	2.152
58112.10777	12.0927	0.0022	2.161
58112.10826	12.0686	0.0021	2.170
58112.10877	12.0855	0.0021	2.179
58112.10927	12.0788	0.0020	2.188
58112.10978	12.0800	0.0020	2.197
58112.11029	12.0935	0.0020	2.206
58112.11079	12.0973	0.0020	2.216
58112.11130	12.0970	0.0020	2.225
58112.11179	12.0800	0.0019	2.235
58112.11230	12.0768	0.0019	2.244
58112.11281	12.0769	0.0019	2.254
58112.11331	12.0864	0.0018	2.264
58112.11382	12.0909	0.0017	2.274
58112.11432	12.0885	0.0016	2.284
58112.11481	12.0826	0.0016	2.293
58112.11534	12.0759	0.0016	2.304
58112.11584	12.0980	0.0016	2.314
58112.11634	12.0803	0.0017	2.325
58112.11685	12.0931	0.0019	2.335
58112.11736	12.1017	0.0022	2.346
58112.11786	12.0897	0.0024	2.356
58112.11837	12.0852	0.0026	2.367
58112.11888	12.0918	0.0028	2.378
58112.11937	12.0842	0.0029	2.389
58112.11988	12.0854	0.0030	2.400
58112.12038	12.0940	0.0030	2.411
58112.12089	12.0891	0.0029	2.422
58112.12139	12.0747	0.0028	2.434
58112.12190	12.0929	0.0026	2.445
58112.12240	12.0720	0.0025	2.457
58112.12291	12.0785	0.0023	2.468
58112.12341	12.0814	0.0022	2.480
58112.12389	12.0989	0.0021	2.492
58112.12439	12.0841	0.0021	2.503
58112.12490	12.0765	0.0017	2.516
58112.12539	12.0945	0.0018	2.528
58112.12590	.	0.0018	2.540
58112.12641	12.0887	0.0019	2.553
58112.12691	12.0830	0.0020	2.566
58112.12741	12.1033	0.0025	2.578
58112.12792	12.0739	0.0026	2.591
58112.12841	12.0801	0.0027	2.604
58112.12891	12.0851	0.0027	2.617
58112.12942	12.0768	0.0028	2.631
58112.12992	12.0827	0.0028	2.644
58112.13043	12.0704	0.0030	2.658
58112.13094	12.0874	0.0031	2.671
58112.13144	12.0785	0.0033	2.685
58112.13191	12.0803	0.0034	2.698
58112.13241	12.0837	0.0035	2.712
58112.13292	12.0902	0.0036	2.727
58112.13343	12.0846	0.0036	2.741
58112.13392	12.0682	0.0036	2.756
58112.13443	12.0997	0.0036	2.771
58112.13494	12.0871	0.0036	2.786
58112.13544	12.0853	0.0035	2.801
58112.13595	12.1035	0.0033	2.816
58112.13645	12.0948	0.0032	2.831
58112.13696	12.0721	0.0032	2.847
58112.13745	12.1018	0.0032	2.863
58112.13795	12.0924	0.0033	2.878
58112.13845	12.0839	0.0034	2.894
58112.13896	12.1004	0.0035	2.911
58112.13946	12.0840	0.0036	2.927
58112.13997	12.0622	0.0038	2.944
58112.14046	12.0763	0.0039	2.960
58112.14097	12.0962	0.0039	2.978
58112.14147	12.0964	0.0039	2.995
58112.14198	12.0863	0.0039	3.012
58112.14248	12.0781	0.0037	3.030
58112.14299	12.0919	0.0035	3.048
58112.14350	12.0971	0.0034	3.066
58112.14399	12.0884	0.0032	3.084
58112.14449	12.0761	0.0030	3.102
58112.14499	12.0800	0.0030	3.120
58112.14549	12.0941	0.0031	3.139
