12 header lines (incl this one)
Object: KIC846
UT Date for start of observations: 2017.12.08
Observer: B.Gary
Band: g'-band, 18 ref star calibration 
Telescope: Meade 14" LX200-GPS, no FR
CCD: SBIG ST-10XME
Col 1: MJD (defined = JD - 2400000.5)
Col 2: g'-mag
Col 3: SE
Col 4: air mass

58095.05274	12.0927	0.0021	1.247
58095.05324	12.0940	0.0021	1.249
58095.05375	12.0923	0.0021	1.251
58095.05427	12.0923	0.0017	1.253
58095.05477	12.0879	0.0019	1.255
58095.05528	12.0813	0.0021	1.257
58095.05578	12.0904	0.0022	1.260
58095.05627	12.0851	0.0023	1.262
58095.05675	12.0843	0.0024	1.264
58095.05725	12.0947	0.0023	1.266
58095.05775	12.0914	0.0023	1.268
58095.05823	12.0902	0.0021	1.270
58095.05873	12.0844	0.0019	1.273
58095.05924	12.0901	0.0017	1.275
58095.05975	12.0843	0.0016	1.277
58095.06024	12.0841	0.0014	1.279
58095.06075	12.0830	0.0013	1.282
58095.06125	12.0843	0.0012	1.284
58095.06176	12.0844	0.0012	1.286
58095.06227	12.0950	0.0012	1.289
58095.06277	12.0845	0.0013	1.291
58095.06326	12.0949	0.0014	1.294
58095.06377	12.0790	0.0015	1.296
58095.06428	12.0950	0.0016	1.298
58095.06479	12.0891	0.0017	1.301
58095.06530	12.0847	0.0017	1.303
58095.06581	12.0944	0.0018	1.306
58095.06631	12.0833	0.0019	1.308
58095.06682	12.0887	0.0020	1.311
58095.06731	12.0776	0.0020	1.313
58095.06782	12.0885	0.0020	1.316
58095.06833	12.0779	0.0020	1.319
58095.06883	12.0818	0.0020	1.321
58095.06933	12.0864	0.0019	1.324
58095.06983	12.0883	0.0019	1.326
58095.07034	12.0861	0.0019	1.329
58095.07084	12.0864	0.0018	1.332
58095.07134	12.0808	0.0018	1.334
58095.07185	12.0972	0.0018	1.337
58095.07235	12.0897	0.0018	1.340
58095.07286	12.0928	0.0018	1.342
58095.07337	12.0860	0.0018	1.345
58095.07388	12.0943	0.0018	1.348
58095.07437	12.0885	0.0018	1.351
58095.07488	12.0891	0.0018	1.353
58095.07535	12.0970	0.0018	1.356
58095.07586	12.0769	0.0018	1.359
58095.07637	12.0894	0.0018	1.362
58095.07687	12.0852	0.0018	1.365
58095.07737	12.0853	0.0019	1.367
58095.07787	12.0842	0.0019	1.370
58095.07839	12.0969	0.0019	1.373
58095.07889	12.0901	0.0020	1.376
58095.07941	12.0825	0.0020	1.379
58095.07991	12.0844	0.0021	1.382
58095.08042	12.0887	0.0022	1.385
58095.08091	12.0925	0.0022	1.388
58095.08142	12.0871	0.0023	1.391
58095.08193	12.0879	0.0023	1.394
58095.08245	12.0863	0.0023	1.398
58095.08295	12.0840	0.0022	1.401
58095.08345	12.0802	0.0022	1.404
58095.08396	12.0835	0.0021	1.407
58095.08447	12.0837	0.0020	1.410
58095.08497	12.0969	0.0020	1.413
58095.08547	12.0880	0.0019	1.416
58095.08597	12.0876	0.0018	1.420
58095.08648	12.0975	0.0017	1.423
58095.08698	12.0814	0.0017	1.426
58095.08749	12.0861	0.0017	1.430
58095.08799	12.0731	0.0017	1.433
58095.08850	12.0834	0.0017	1.436
58095.08900	12.0796	0.0017	1.440
58095.08951	12.0888	0.0018	1.443
58095.09001	12.0908	0.0018	1.446
58095.09051	12.0885	0.0018	1.450
58095.09102	12.0867	0.0018	1.453
58095.09152	12.0897	0.0018	1.457
58095.09203	12.0857	0.0018	1.460
58095.09253	12.0839	0.0017	1.464
58095.09303	12.0937	0.0017	1.467
58095.09354	12.0977	0.0016	1.471
58095.09405	12.0880	0.0015	1.474
58095.09455	12.0774	0.0014	1.478
58095.09506	12.0820	0.0014	1.482
58095.09557	12.0944	0.0014	1.485
58095.09608	12.0881	0.0014	1.489
58095.09657	12.0863	0.0014	1.493
58095.09708	12.0871	0.0015	1.497
58095.09758	12.0837	0.0016	1.500
58095.09808	12.0915	0.0017	1.504
58095.09855	12.0835	0.0018	1.508
58095.09906	12.0778	0.0018	1.512
58095.09956	12.0871	0.0019	1.515
58095.10007	12.0832	0.0019	1.519
58095.10056	12.0893	0.0019	1.523
58095.10106	12.0845	0.0019	1.527
58095.10156	12.0840	0.0020	1.531
58095.10207	12.0921	0.0020	1.535
58095.10258	12.0841	0.0020	1.539
58095.10309	12.0857	0.0020	1.543
58095.10360	12.0850	0.0020	1.547
58095.10411	12.0890	0.0020	1.552
58095.10461	12.0867	0.0020	1.556
58095.10510	12.0923	0.0020	1.560
58095.10561	12.0877	0.0020	1.564
58095.10612	12.0885	0.0019	1.568
58095.10663	12.0850	0.0018	1.573
58095.10714	12.0840	0.0018	1.577
58095.10762	12.0943	0.0017	1.581
58095.10812	12.0902	0.0017	1.585
58095.10862	12.0915	0.0017	1.590
58095.10913	12.0799	0.0016	1.594
58095.10964	12.0885	0.0016	1.599
58095.11014	12.0864	0.0016	1.603
58095.11064	12.0850	0.0016	1.608
58095.11115	12.0802	0.0016	1.612
58095.11166	12.0896	0.0016	1.617
58095.11216	12.0958	0.0017	1.622
58095.11267	12.0904	0.0017	1.626
58095.11318	12.0953	0.0018	1.631
58095.11368	12.0786	0.0019	1.636
58095.11418	12.0882	0.0020	1.640
58095.11469	12.0902	0.0021	1.645
58095.11515	12.0847	0.0022	1.650
58095.11566	12.0770	0.0022	1.655
58095.11617	12.0879	0.0022	1.659
58095.11668	12.0825	0.0022	1.664
58095.11716	12.0880	0.0022	1.669
58095.11767	12.0828	0.0021	1.674
58095.11818	12.0978	0.0020	1.679
58095.11868	12.0840	0.0019	1.684
58095.11919	12.0890	0.0018	1.689
58095.11970	12.0873	0.0017	1.695
58095.12021	12.0840	0.0017	1.700
58095.12072	12.0847	0.0016	1.705
58095.12123	12.0971	0.0016	1.711
58095.12174	12.0886	0.0016	1.716
58095.12223	12.0793	0.0016	1.721
58095.12274	12.0862	0.0016	1.727
58095.12322	12.0807	0.0017	1.732
58095.12373	12.0817	0.0017	1.737
58095.12422	12.0883	0.0017	1.743
58095.12473	12.0841	0.0017	1.748
58095.12524	12.0874	0.0018	1.754
58095.12575	12.0886	0.0018	1.760
58095.12626	12.0860	0.0018	1.765
58095.12677	12.0832	0.0015	1.771
58095.12728	12.0863	0.0015	1.777
58095.12778	.	0.0015	1.783
58095.12829	12.0914	0.0015	1.788
58095.12880	12.0934	0.0011	1.794
58095.12929	12.0876	0.0015	1.800
58095.12979	.	0.0014	1.806
58095.13030	12.0906	0.0013	1.812
58095.13080	12.0856	0.0012	1.818
58095.13131	12.0921	0.0015	1.824
58095.13182	12.0975	0.0014	1.831
58095.13233	12.0913	0.0013	1.837
58095.13279	12.0785	0.0013	1.843
58095.13330	12.0876	0.0014	1.849
58095.13381	12.0800	0.0015	1.855
58095.13432	12.0894	0.0016	1.862
58095.13483	12.0821	0.0017	1.868
58095.13532	12.0874	0.0018	1.875
58095.13582	12.0904	0.0019	1.881
58095.13633	12.0797	0.0021	1.888
58095.13684	12.0809	0.0022	1.895
58095.13735	12.0965	0.0022	1.902
58095.13782	12.0850	0.0023	1.908
58095.13833	12.0928	0.0023	1.915
58095.13882	12.0824	0.0024	1.921
58095.13933	12.0923	0.0024	1.928
58095.13985	12.0949	0.0025	1.936
58095.14036	12.0851	0.0026	1.943
58095.14086	12.0863	0.0028	1.950
58095.14137	12.0814	0.0029	1.957
58095.14188	12.0871	0.0031	1.964
58095.14237	12.0871	0.0033	1.972
58095.14288	12.0847	0.0034	1.979
58095.14339	12.0800	0.0035	1.986
58095.14390	12.0985	0.0036	1.994
58095.14441	12.0904	0.0036	2.002
58095.14492	12.0923	0.0035	2.009
58095.14544	12.0928	0.0034	2.017
58095.14595	12.0988	0.0033	2.025
58095.14646	12.0956	0.0032	2.033
58095.14697	12.0761	0.0031	2.041
58095.14747	12.0970	0.0030	2.049
58095.14796	12.0863	0.0029	2.056
58095.14847	12.0912	0.0029	2.065
58095.14898	12.0745	0.0029	2.073
58095.14949	12.0879	0.0029	2.081
58095.14999	12.0828	0.0028	2.089
58095.15046	12.0754	0.0027	2.097
58095.15096	12.0983	0.0027	2.105
58095.15147	12.0856	0.0026	2.114
58095.15197	12.0888	0.0025	2.122
58095.15248	12.1007	0.0024	2.131
58095.15297	12.0857	0.0024	2.140
58095.15347	12.0746	0.0023	2.148
58095.15398	12.0892	0.0022	2.157
58095.15448	12.0831	0.0022	2.166
58095.15499	12.0870	0.0022	2.175
58095.15550	12.0994	0.0021	2.184
58095.15600	12.0847	0.0021	2.193
58095.15649	12.0770	0.0021	2.202
58095.15700	12.0893	0.0021	2.212
58095.15750	12.0919	0.0021	2.221
58095.15801	12.0947	0.0021	2.231
58095.15851	12.0909	0.0020	2.240
58095.15902	12.0873	0.0020	2.250
58095.15951	12.0859	0.0020	2.260
58095.16002	12.0874	0.0019	2.269
58095.16052	12.0844	0.0019	2.279
58095.16103	12.0898	0.0019	2.289
58095.16154	12.0881	0.0020	2.300
58095.16205	12.0980	0.0020	2.310
58095.16255	12.0951	0.0021	2.320
58095.16306	12.0934	0.0021	2.331
58095.16356	12.0922	0.0021	2.341
58095.16406	12.0928	0.0022	2.352
58095.16456	12.0965	0.0022	2.362
58095.16506	12.0841	0.0023	2.373
58095.16557	12.0753	0.0024	2.384
58095.16608	12.0893	0.0025	2.395
58095.16657	12.0999	0.0027	2.406
