12 header lines (incl this one)
Object: KIC846
UT Date for start of observations: 2017.11.19
Observer: B.Gary
Band: g'-band, 18 ref star calibration 
Telescope: Meade 14" LX200-GPS, no FR
CCD: SBIG ST-10XME
Col 1: MJD (defined = JD - 2400000.5)
Col 2: g'-mag
Col 3: SE
Col 4: air mass

58076.05700	12.0866	0.0012	1.101
58076.05751	12.0820	0.0012	1.102
58076.05802	12.0806	0.0012	1.103
58076.05853	12.0867	0.0012	1.105
58076.05899	12.0795	0.0012	1.106
58076.05950	12.0803	0.0013	1.107
58076.06000	12.0796	0.0013	1.108
58076.06050	12.0753	0.0013	1.109
58076.06101	12.0752	0.0012	1.110
58076.06150	12.0768	0.0012	1.111
58076.06200	12.0807	0.0012	1.112
58076.06250	12.0777	0.0012	1.113
58076.06301	12.0836	0.0012	1.115
58076.06352	12.0757	0.0012	1.116
58076.06402	12.0739	0.0012	1.117
58076.06453	12.0785	0.0013	1.118
58076.06503	12.0798	0.0013	1.119
58076.06553	12.0758	0.0013	1.121
58076.06604	12.0804	0.0013	1.122
58076.06655	12.0810	0.0013	1.123
58076.06706	12.0719	0.0012	1.124
58076.06752	12.0797	0.0012	1.125
58076.06803	12.0807	0.0011	1.127
58076.06854	12.0806	0.0011	1.128
58076.06905	12.0828	0.0010	1.129
58076.06955	12.0808	0.0010	1.131
58076.07006	12.0821	0.0010	1.132
58076.07057	12.0830	0.0010	1.133
58076.07108	12.0859	0.0010	1.135
58076.07156	12.0713	0.0010	1.136
58076.07207	12.0784	0.0011	1.137
58076.07257	12.0777	0.0011	1.138
58076.07308	12.0817	0.0011	1.140
58076.07359	12.0773	0.0010	1.141
58076.07410	12.0805	0.0010	1.143
58076.07461	12.0809	0.0010	1.144
58076.07510	12.0744	0.0010	1.145
58076.07560	12.0830	0.0009	1.147
58076.07611	12.0809	0.0009	1.148
58076.07662	12.0741	0.0009	1.150
58076.07713	12.0750	0.0009	1.151
58076.07762	12.0757	0.0009	1.153
58076.07813	12.0843	0.0009	1.154
58076.07863	12.0795	0.0009	1.155
58076.07913	12.0833	0.0010	1.157
58076.07964	12.0839	0.0010	1.158
58076.08014	12.0821	0.0011	1.160
58076.08065	12.0819	0.0011	1.161
58076.08115	12.0772	0.0012	1.163
58076.08167	12.0718	0.0012	1.165
58076.08216	12.0777	0.0012	1.166
58076.08269	12.0759	0.0012	1.168
58076.08318	12.0762	0.0012	1.169
58076.08369	12.0821	0.0013	1.171
58076.08419	12.0755	0.0013	1.172
58076.08471	12.0745	0.0012	1.174
58076.08521	12.0823	0.0012	1.176
58076.08571	12.0822	0.0012	1.177
58076.08623	12.0792	0.0012	1.179
58076.08674	12.0835	0.0012	1.181
58076.08723	12.0832	0.0012	1.182
58076.08774	12.0841	0.0012	1.184
58076.08824	12.0793	0.0012	1.186
58076.08875	12.0778	0.0012	1.187
58076.08925	12.0855	0.0012	1.189
58076.08975	12.0830	0.0012	1.191
58076.09025	12.0859	0.0012	1.192
58076.09076	12.0783	0.0012	1.194
58076.09127	12.0765	0.0012	1.196
58076.09177	12.0797	0.0012	1.198
58076.09228	12.0740	0.0012	1.199
58076.09278	12.0776	0.0012	1.201
58076.09329	12.0745	0.0012	1.203
58076.09375	12.0768	0.0012	1.205
58076.09426	12.0796	0.0012	1.206
58076.09476	12.0829	0.0012	1.208
58076.09525	12.0790	0.0012	1.210
58076.09576	12.0779	0.0011	1.212
58076.09627	12.0743	0.0011	1.214
58076.09677	12.0727	0.0010	1.216
58076.09729	12.0781	0.0009	1.218
58076.09779	12.0780	0.0009	1.220
58076.09829	12.0767	0.0008	1.221
58076.09878	12.0735	0.0007	1.223
58076.09931	12.0806	0.0007	1.225
58076.09980	12.0747	0.0007	1.227
58076.10031	12.0835	0.0007	1.229
58076.10081	12.0802	0.0007	1.231
58076.10131	12.0792	0.0007	1.233
58076.10182	12.0785	0.0008	1.235
58076.10233	12.0848	0.0008	1.237
58076.10284	12.0788	0.0009	1.239
58076.10334	12.0779	0.0009	1.241
58076.10385	12.0794	0.0010	1.244
58076.10435	12.0736	0.0010	1.246
58076.10486	12.0864	0.0011	1.248
58076.10537	12.0801	0.0011	1.250
58076.10587	12.0765	0.0011	1.252
58076.10638	12.0741	0.0010	1.254
58076.10690	12.0788	0.0010	1.256
58076.10740	12.0789	0.0010	1.258
58076.10791	12.0785	0.0010	1.261
58076.10841	12.0802	0.0009	1.263
58076.10891	12.0815	0.0009	1.265
58076.10941	12.0801	0.0009	1.267
58076.10991	12.0787	0.0009	1.269
58076.11042	12.0756	0.0009	1.272
58076.11093	12.0783	0.0009	1.274
58076.11144	12.0702	0.0010	1.276
58076.11194	12.0786	0.0010	1.279
58076.11245	12.0807	0.0010	1.281
58076.11295	12.0807	0.0011	1.283
58076.11345	12.0776	0.0011	1.286
58076.11396	12.0789	0.0011	1.288
58076.11447	12.0800	0.0011	1.290
58076.11498	12.0793	0.0011	1.293
58076.11547	12.0776	0.0012	1.295
58076.11598	12.0792	0.0012	1.298
58076.11649	12.0773	0.0012	1.300
58076.11699	12.0793	0.0012	1.303
58076.11750	12.0744	0.0012	1.305
58076.11801	12.0806	0.0012	1.308
58076.11851	12.0843	0.0012	1.310
58076.11902	12.0814	0.0012	1.313
58076.11951	12.0719	0.0012	1.315
58076.12002	12.0754	0.0012	1.318
58076.12053	12.0780	0.0012	1.320
58076.12103	12.0832	0.0012	1.323
58076.12153	12.0847	0.0012	1.325
58076.12205	12.0799	0.0012	1.328
58076.12255	12.0821	0.0012	1.331
58076.12306	12.0766	0.0012	1.333
58076.12356	12.0835	0.0012	1.336
58076.12407	12.0846	0.0012	1.339
58076.12458	12.0810	0.0013	1.341
58076.12508	12.0837	0.0013	1.344
58076.12559	12.0861	0.0013	1.347
58076.12610	12.0789	0.0013	1.350
58076.12660	12.0831	0.0013	1.353
58076.12711	12.0798	0.0013	1.355
58076.12762	12.0848	0.0013	1.358
58076.12812	12.0841	0.0013	1.361
58076.12863	12.0781	0.0012	1.364
58076.12913	12.0818	0.0012	1.367
58076.12964	12.0771	0.0011	1.370
58076.13015	12.0808	0.0011	1.373
58076.13065	12.0800	0.0011	1.376
58076.13115	12.0850	0.0011	1.378
58076.13164	12.0870	0.0011	1.381
58076.13215	12.0785	0.0011	1.384
58076.13266	12.0835	0.0011	1.387
58076.13317	12.0750	0.0011	1.391
58076.13367	12.0730	0.0011	1.394
58076.13418	12.0690	0.0011	1.397
58076.13468	12.0839	0.0011	1.400
58076.13519	12.0758	0.0012	1.403
58076.13569	12.0808	0.0013	1.406
58076.13620	12.0868	0.0014	1.409
58076.13671	12.0753	0.0015	1.412
58076.13721	12.0748	0.0016	1.416
58076.13772	12.0807	0.0017	1.419
58076.13821	12.0843	0.0018	1.422
58076.13870	12.0818	0.0019	1.425
58076.13920	12.0786	0.0020	1.428
58076.13971	12.0875	0.0020	1.432
58076.14021	12.0784	0.0021	1.435
58076.14072	12.0877	0.0021	1.438
58076.14122	12.0750	0.0020	1.442
58076.14174	12.0848	0.0020	1.445
58076.14223	12.0792	0.0019	1.449
58076.14273	12.0843	0.0018	1.452
58076.14324	12.0735	0.0017	1.456
58076.14374	12.0743	0.0016	1.459
58076.14425	12.0826	0.0015	1.463
58076.14476	12.0799	0.0015	1.466
58076.14525	12.0772	0.0014	1.470
58076.14575	12.0817	0.0014	1.473
58076.14625	12.0771	0.0014	1.477
58076.14676	12.0808	0.0013	1.480
58076.14727	12.0807	0.0013	1.484
58076.14778	12.0765	0.0014	1.488
58076.14829	12.0835	0.0014	1.492
58076.14877	12.0807	0.0014	1.495
58076.14928	12.0787	0.0014	1.499
58076.14979	12.0744	0.0014	1.503
58076.15029	12.0824	0.0014	1.507
58076.15081	12.0814	0.0014	1.511
58076.15131	12.0771	0.0014	1.514
58076.15181	12.0803	0.0014	1.518
58076.15230	12.0843	0.0015	1.522
58076.15280	12.0799	0.0015	1.526
58076.15331	12.0803	0.0016	1.530
58076.15382	12.0782	0.0017	1.534
58076.15432	12.0816	0.0018	1.538
58076.15483	12.0788	0.0019	1.542
58076.15534	12.0776	0.0020	1.546
58076.15581	12.0794	0.0020	1.550
58076.15632	12.0779	0.0020	1.554
58076.15682	12.0755	0.0020	1.558
58076.15729	12.0755	0.0020	1.562
58076.15779	12.0821	0.0020	1.567
58076.15829	12.0750	0.0019	1.571
58076.15880	12.0793	0.0019	1.575
58076.15931	12.0797	0.0018	1.579
58076.15981	12.0797	0.0018	1.584
58076.16032	12.0816	0.0017	1.588
58076.16082	12.0778	0.0017	1.593
58076.16133	12.0792	0.0017	1.597
58076.16183	12.0714	0.0017	1.602
58076.16234	12.0749	0.0017	1.606
58076.16284	12.0772	0.0017	1.611
58076.16333	12.0677	0.0016	1.615
58076.16384	12.0866	0.0016	1.620
58076.16434	12.0759	0.0015	1.624
58076.16485	12.0747	0.0015	1.629
58076.16535	12.0818	0.0015	1.634
58076.16586	12.0753	0.0014	1.638
58076.16637	12.0784	0.0014	1.643
58076.16688	12.0836	0.0013	1.648
58076.16738	12.0827	0.0013	1.653
58076.16788	12.0778	0.0013	1.658
58076.16839	12.0731	0.0013	1.663
58076.16890	12.0727	0.0012	1.668
58076.16941	12.0735	0.0012	1.673
58076.16992	12.0785	0.0011	1.678
58076.17043	12.0768	0.0011	1.683
58076.17093	12.0775	0.0011	1.688
58076.17142	12.0746	0.0011	1.693
58076.17193	12.0790	0.0011	1.698
58076.17241	12.0849	0.0012	1.703
58076.17292	12.0847	0.0013	1.709
58076.17343	12.0759	0.0013	1.714
58076.17394	12.0906	0.0014	1.719
58076.17443	12.0867	0.0014	1.725
58076.17493	12.0803	0.0015	1.730
58076.17544	12.0713	0.0015	1.735
58076.17594	12.0878	0.0015	1.741
58076.17645	12.0818	0.0016	1.746
58076.17696	12.0827	0.0016	1.752
58076.17747	12.0820	0.0016	1.758
58076.17797	12.0773	0.0017	1.763
58076.17847	12.0833	0.0017	1.769
58076.17895	12.0773	0.0018	1.774
58076.17944	12.0841	0.0019	1.780
58076.17994	12.0805	0.0019	1.786
58076.18045	12.0790	0.0019	1.792
58076.18096	12.0791	0.0020	1.798
58076.18146	12.0757	0.0020	1.804
58076.18196	12.0812	0.0020	1.810
58076.18247	12.0801	0.0019	1.816
58076.18296	12.0821	0.0019	1.822
58076.18347	12.0773	0.0019	1.828
58076.18397	12.0884	0.0018	1.834
58076.18448	12.0755	0.0018	1.840
58076.18499	12.0823	0.0018	1.847
58076.18550	12.0758	0.0018	1.853
58076.18601	12.0813	0.0018	1.860
58076.18650	12.0816	0.0018	1.866
58076.18703	12.0715	0.0019	1.873
58076.18753	12.0793	0.0020	1.879
58076.18803	12.0857	0.0020	1.886
58076.18854	12.0831	0.0020	1.892
58076.18904	12.0845	0.0020	1.899
58076.18955	12.0819	0.0021	1.906
58076.19006	12.0741	0.0021	1.913
58076.19057	12.0810	0.0021	1.920
58076.19108	12.0791	0.0021	1.927
58076.19157	12.0786	0.0021	1.934
