12 header lines (incl this one)
Object: KIC846
UT Date for start of observations: 2017.11.30
Observer: B.Gary
Band: g'-band, 17 ref star calibration 
Telescope: Meade 14" LX200-GPS, no FR
CCD: SBIG ST-10XME
Col 1: MJD (defined = JD - 2400000.5)
Col 2: g'-mag
Col 3: SE
Col 4: air mass

58087.04532	12.0853	0.0027	1.146
58087.04583	12.0841	0.0027	1.148
58087.04634	12.0770	0.0027	1.149
58087.04685	12.0810	0.0015	1.150
58087.04735	12.0768	0.0017	1.152
58087.04786	12.0835	0.0019	1.153
58087.04836	12.0824	0.0021	1.155
58087.04885	12.0811	0.0022	1.156
58087.04935	12.0883	0.0024	1.158
58087.04986	12.0869	0.0026	1.159
58087.05036	12.0897	0.0027	1.161
58087.05087	12.0805	0.0028	1.162
58087.05137	12.0826	0.0030	1.164
58087.05187	12.0789	0.0031	1.165
58087.05238	12.0864	0.0032	1.167
58087.05289	12.0836	0.0033	1.168
58087.05339	12.0877	0.0034	1.170
58087.05390	12.0770	0.0034	1.172
58087.05440	12.0846	0.0035	1.173
58087.05491	12.0921	0.0036	1.175
58087.05541	12.0841	0.0037	1.176
58087.05591	12.0842	0.0037	1.178
58087.05642	12.0863	0.0038	1.180
58087.05693	12.0814	0.0038	1.181
58087.05744	12.0937	0.0038	1.183
58087.05794	12.0927	0.0037	1.185
58087.05845	12.0902	0.0036	1.186
58087.05895	12.0862	0.0035	1.188
58087.05946	12.0822	0.0033	1.190
58087.05997	12.0880	0.0032	1.191
58087.06047	12.0842	0.0031	1.193
58087.06097	12.0871	0.0030	1.195
58087.06148	12.0831	0.0030	1.197
58087.06198	12.0819	0.0031	1.198
58087.06248	12.0857	0.0032	1.200
58087.06299	12.0922	0.0034	1.202
58087.06348	12.0785	0.0038	1.204
58087.06399	12.0868	0.0042	1.206
58087.06449	12.0747	0.0035	1.207
58087.06501	12.0815	0.0028	1.209
58087.06551	.	0.0020	1.211
58087.06602	.	0.0010	1.213
58087.06653	.	0.0000	1.215
58087.06703	.	0.0000	1.217
58087.06753	.	0.0000	1.219
58087.06804	.	0.0000	1.221
58087.06854	.	0.0000	1.223
58087.06905	.	0.0000	1.225
58087.06956	.	0.0000	1.226
58087.07007	.	0.0000	1.228
58087.07057	.	0.0000	1.230
58087.07106	.	0.0000	1.232
58087.07156	.	0.0000	1.234
58087.07208	.	0.0000	1.236
58087.07309	.	0.0000	1.241
58087.07361	.	0.0000	1.243
58087.07411	.	0.0000	1.245
58087.07462	.	0.0000	1.247
58087.07513	.	0.0000	1.249
58087.07563	.	0.0000	1.251
58087.07613	.	0.0000	1.253
58087.07664	.	0.0000	1.255
58087.07765	.	0.0020	1.260
58087.07816	.	0.0036	1.262
58087.07867	12.0817	0.0049	1.264
58087.07914	12.0807	0.0062	1.266
58087.07965	12.0796	0.0073	1.268
58087.08015	12.0774	0.0064	1.271
58087.08066	12.0773	0.0056	1.273
58087.08117	12.0765	0.0052	1.275
58087.08168	12.0828	0.0047	1.278
58087.08219	12.0811	0.0044	1.280
58087.08270	12.0808	0.0040	1.282
58087.08319	12.0860	0.0037	1.285
58087.08370	12.0840	0.0034	1.287
58087.08420	12.0790	0.0033	1.289
58087.08470	12.0922	0.0031	1.292
58087.08521	12.0796	0.0024	1.294
58087.08571	12.0805	0.0024	1.296
58087.08622	.	0.0023	1.299
58087.08672	12.0797	0.0024	1.301
58087.08723	12.0752	0.0026	1.304
58087.08774	12.0745	0.0033	1.306
58087.08825	12.0865	0.0036	1.309
58087.08876	12.0863	0.0038	1.311
58087.08926	12.0816	0.0040	1.314
58087.08977	12.0840	0.0041	1.316
58087.09028	12.0873	0.0034	1.319
58087.09079	12.0809	0.0033	1.322
58087.09128	.	0.0033	1.324
58087.09179	12.0785	0.0024	1.327
58087.09230	12.0790	0.0023	1.330
58087.09281	.	0.0029	1.332
58087.09332	12.0773	0.0027	1.335
58087.09382	12.0798	0.0026	1.338
58087.13961	12.0874	0.0032	1.675
58087.14012	12.0853	0.0030	1.680
58087.14061	12.0904	0.0029	1.685
58087.14111	12.0889	0.0028	1.690
58087.14162	12.0907	0.0028	1.695
58087.14212	12.0845	0.0027	1.701
58087.14263	12.0877	0.0026	1.706
58087.14314	12.0756	0.0025	1.711
58087.14363	12.0867	0.0025	1.716
58087.14413	12.0925	0.0024	1.722
58087.14464	12.0834	0.0024	1.727
58087.14515	12.0849	0.0024	1.733
58087.14566	12.0822	0.0024	1.738
58087.14617	12.0771	0.0024	1.744
58087.14719	12.0944	0.0025	1.755
58087.14767	12.0856	0.0026	1.760
58087.14819	12.0918	0.0026	1.766
58087.14869	12.0892	0.0027	1.772
58087.14919	12.0853	0.0028	1.778
58087.14970	12.0869	0.0028	1.783
58087.15020	12.0871	0.0029	1.789
58087.15071	12.0812	0.0029	1.795
58087.15122	12.0895	0.0030	1.801
58087.15171	12.0871	0.0030	1.807
58087.15222	12.0826	0.0031	1.813
58087.15272	12.0866	0.0031	1.819
58087.15322	12.0909	0.0032	1.825
58087.15373	12.0871	0.0032	1.831
58087.15424	12.0746	0.0032	1.838
58087.15475	12.0861	0.0031	1.844
58087.15525	12.0907	0.0031	1.850
58087.15576	12.0901	0.0030	1.857
58087.15626	12.0822	0.0029	1.863
58087.15677	12.0922	0.0029	1.870
58087.15728	12.0887	0.0028	1.876
58087.15778	12.0780	0.0028	1.883
58087.15828	12.0768	0.0028	1.889
58087.15875	12.0893	0.0027	1.896
58087.15926	12.0900	0.0027	1.902
58087.15977	12.0819	0.0027	1.909
58087.16028	12.0853	0.0027	1.916
58087.16079	12.0822	0.0027	1.923
58087.16128	12.0935	0.0028	1.930
58087.16179	12.0835	0.0028	1.937
58087.16229	12.0974	0.0028	1.944
