12 header lines (incl this one)
Object: KIC846
UT Date for start of observations: 2018.04.04
Observer: B.Gary
Band: g'-band, 17 ref star calibration 
Telescope: Meade 14" LX200-GPS, Optec FR
CCD: SBIG ST-10XME
Col 1: MJD (defined = JD - 2400000.5)
Col 2: g'-mag + 0.0007 (empirical adjustment)
Col 3: SE
Col 4: air mass

58212.35008	12.0882	0.0029	3.013
58212.35054	12.0865	0.0030	2.997
58212.35102	12.0941	0.0031	2.981
58212.35149	12.0956	0.0033	2.965
58212.35196	12.1004	0.0035	2.950
58212.35243	12.0955	0.0037	2.934
58212.35291	12.0880	0.0038	2.918
58212.35338	12.0938	0.0038	2.903
58212.35384	12.0909	0.0038	2.888
58212.35432	12.0967	0.0037	2.873
58212.35479	12.0907	0.0037	2.858
58212.35525	12.1029	0.0035	2.844
58212.35573	12.0784	0.0034	2.829
58212.35620	12.0890	0.0031	2.814
58212.35668	12.0874	0.0030	2.800
58212.35714	12.0871	0.0028	2.786
58212.35762	12.1006	0.0027	2.772
58212.35855	12.0926	0.0027	2.745
58212.35903	12.0911	0.0027	2.731
58212.35950	12.0795	0.0026	2.718
58212.35997	12.0923	0.0026	2.705
58212.36044	12.0924	0.0026	2.691
58212.36091	12.1013	0.0026	2.678
58212.36139	12.1014	0.0026	2.665
58212.36185	12.0852	0.0027	2.653
58212.36233	12.0877	0.0027	2.640
58212.36280	12.0966	0.0028	2.627
58212.36326	12.0817	0.0028	2.615
58212.36374	12.0980	0.0029	2.603
58212.36421	12.0931	0.0031	2.590
58212.36469	12.0940	0.0032	2.578
58212.36515	12.0892	0.0034	2.567
58212.36563	12.0911	0.0035	2.555
58212.36610	12.0830	0.0037	2.543
58212.36656	12.0910	0.0038	2.531
58212.36704	12.0849	0.0039	2.520
58212.36751	12.0820	0.0039	2.508
58212.36799	12.0928	0.0038	2.497
58212.36845	12.0892	0.0037	2.486
58212.36892	12.1005	0.0035	2.475
58212.36940	12.0951	0.0032	2.464
58212.36987	12.0700	0.0031	2.453
58212.37034	12.0988	0.0029	2.442
58212.37081	12.0877	0.0028	2.431
58212.37128	12.1014	0.0027	2.421
58212.37175	12.0877	0.0027	2.410
58212.37222	12.0986	0.0027	2.400
58212.37270	12.0841	0.0028	2.389
58212.37316	12.0949	0.0029	2.379
58212.37363	12.0844	0.0030	2.369
58212.37411	12.0803	0.0030	2.359
58212.37457	12.0964	0.0031	2.349
58212.37505	12.0943	0.0031	2.339
58212.37552	12.0797	0.0031	2.329
58212.37600	12.0986	0.0031	2.320
58212.37646	12.0842	0.0031	2.310
58212.37693	12.1003	0.0031	2.300
58212.37741	12.0884	0.0031	2.291
58212.37787	12.0910	0.0030	2.282
58212.37834	12.0795	0.0030	2.272
58212.37882	12.0835	0.0029	2.263
58212.37929	12.0964	0.0029	2.254
58212.37976	12.0931	0.0028	2.245
58212.38023	12.0932	0.0028	2.236
58212.38071	12.0910	0.0028	2.227
58212.38118	12.0897	0.0028	2.218
58212.38164	12.0808	0.0028	2.209
58212.38212	12.0852	0.0028	2.201
58212.38259	12.0962	0.0028	2.192
58212.38306	12.0826	0.0028	2.184
58212.38353	12.0789	0.0028	2.175
58212.38400	12.1044	0.0028	2.167
58212.38447	12.0945	0.0028	2.158
58212.38494	12.0928	0.0028	2.150
58212.38542	12.1101	0.0028	2.142
58212.38588	12.0861	0.0028	2.134
58212.38635	12.0864	0.0029	2.126
58212.38683	12.0890	0.0029	2.118
58212.38729	12.1071	0.0030	2.110
58212.38777	12.0887	0.0031	2.102
58212.38824	12.0927	0.0031	2.094
58212.38872	12.0910	0.0031	2.086
58212.38918	12.1134	0.0031	2.079
58212.38965	12.0953	0.0031	2.071
58212.39013	12.0905	0.0030	2.063
58212.39059	12.0798	0.0029	2.056
58212.39106	12.0815	0.0028	2.048
58212.39154	12.0944	0.0027	2.041
58212.39201	12.0880	0.0026	2.033
58212.39248	12.0875	0.0025	2.026
58212.39295	12.0883	0.0025	2.019
58212.39343	12.0781	0.0024	2.012
58212.39389	12.0934	0.0025	2.005
58212.39436	12.0850	0.0025	1.998
58212.39484	12.0871	0.0026	1.991
58212.39531	12.0811	0.0026	1.984
58212.39578	12.0850	0.0027	1.977
58212.39625	12.0919	0.0028	1.970
58212.39672	12.1029	0.0028	1.963
58212.39719	12.0765	0.0028	1.956
58212.39766	12.0822	0.0028	1.950
58212.39814	12.0939	0.0028	1.943
58212.39861	12.0844	0.0027	1.936
58212.39907	12.0943	0.0027	1.930
58212.39955	12.0968	0.0026	1.923
58212.40002	12.1001	0.0025	1.917
58212.40050	12.0858	0.0025	1.911
58212.40096	12.0786	0.0024	1.904
58212.40142	12.1017	0.0024	1.898
58212.40190	12.0925	0.0024	1.892
58212.40237	12.0875	0.0024	1.886
58212.40285	12.0861	0.0023	1.879
58212.40331	12.0896	0.0023	1.873
58212.40378	12.0911	0.0022	1.867
58212.40426	12.0927	0.0021	1.861
58212.40472	12.0658	0.0020	1.855
58212.40520	12.0879	0.0019	1.849
58212.40567	12.0926	0.0018	1.843
58212.40613	12.0934	0.0017	1.838
58212.40661	12.0812	0.0015	1.832
58212.40708	12.0790	0.0015	1.826
58212.40755	12.0951	0.0015	1.820
58212.40802	12.0983	0.0015	1.815
58212.40850	12.0933	0.0015	1.809
58212.40897	12.1004	0.0016	1.803
58212.40943	12.0840	0.0016	1.798
58212.40991	12.0801	0.0016	1.792
58212.41038	12.0943	0.0017	1.787
58212.41084	12.0868	0.0018	1.781
58212.41132	12.0854	0.0018	1.776
58212.41179	12.0969	0.0019	1.770
58212.41227	12.0923	0.0020	1.765
58212.41273	12.0811	0.0021	1.760
58212.41321	12.1001	0.0022	1.755
58212.41368	12.0853	0.0023	1.749
58212.41414	12.1059	0.0025	1.744
58212.41462	12.0879	0.0027	1.739
58212.41509	12.0833	0.0028	1.734
58212.41557	12.0803	0.0029	1.729
58212.41603	12.0831	0.0030	1.724
58212.41650	12.0899	0.0031	1.719
58212.41698	12.0891	0.0032	1.714
58212.41744	12.0816	0.0032	1.709
58212.41792	12.0856	0.0031	1.704
58212.41839	12.0910	0.0030	1.699
58212.41885	12.0945	0.0029	1.694
58212.41933	12.0859	0.0027	1.689
58212.41980	12.0903	0.0025	1.685
58212.42028	12.1040	0.0023	1.680
58212.42074	12.0888	0.0021	1.675
58212.42122	12.0877	0.0019	1.671
58212.42168	12.0892	0.0018	1.666
58212.42215	12.0883	0.0017	1.661
58212.42263	12.0914	0.0017	1.657
58212.42310	12.0899	0.0017	1.652
58212.42358	12.0903	0.0018	1.648
58212.42404	12.0879	0.0019	1.643
58212.42451	12.0807	0.0020	1.639
58212.42499	12.0878	0.0021	1.634
58212.42545	12.0889	0.0022	1.630
58212.42593	12.0949	0.0022	1.625
58212.42639	12.0885	0.0022	1.621
58212.42686	12.0842	0.0021	1.617
58212.42734	12.0975	0.0020	1.613
58212.42781	12.0863	0.0019	1.608
58212.42828	12.0946	0.0017	1.604
58212.42875	12.0954	0.0016	1.600
58212.42922	12.0960	0.0015	1.596
58212.42969	12.0875	0.0014	1.592
58212.43016	12.0870	0.0013	1.587
58212.43064	12.0880	0.0013	1.583
58212.43110	12.0877	0.0013	1.579
58212.43157	12.0818	0.0013	1.575
58212.43205	12.0946	0.0013	1.571
58212.43251	12.0931	0.0013	1.567
58212.43299	12.0830	0.0013	1.563
58212.43346	12.0909	0.0013	1.559
58212.43394	12.0940	0.0013	1.555
58212.43440	12.0845	0.0013	1.552
58212.43487	12.0878	0.0013	1.548
58212.43534	12.0895	0.0014	1.544
58212.43581	12.0940	0.0014	1.540
58212.43628	12.0843	0.0015	1.536
58212.43675	12.0925	0.0015	1.533
58212.43722	12.0954	0.0015	1.529
58212.43770	12.0867	0.0016	1.525
58212.43816	12.0796	0.0016	1.522
58212.43863	12.0876	0.0016	1.518
58212.43911	12.0888	0.0016	1.514
58212.43958	12.0817	0.0016	1.511
58212.44005	12.0822	0.0015	1.507
58212.44052	12.0861	0.0015	1.503
58212.44098	12.0914	0.0014	1.500
58212.44146	12.0945	0.0014	1.496
58212.44193	12.0915	0.0014	1.493
58212.44241	12.0889	0.0014	1.489
58212.44287	12.0878	0.0015	1.486
58212.44334	12.0883	0.0015	1.483
58212.44381	12.0880	0.0015	1.479
58212.44428	12.0913	0.0015	1.476
58212.44475	12.0856	0.0016	1.472
58212.44522	12.0981	0.0016	1.469
58212.44569	12.0868	0.0016	1.466
58212.44616	12.0896	0.0017	1.462
58212.44663	12.0945	0.0017	1.459
58212.44711	12.0917	0.0017	1.456
58212.44757	12.0949	0.0017	1.453
58212.44804	12.0907	0.0017	1.449
58212.44852	12.0912	0.0017	1.446
58212.44898	12.0888	0.0017	1.443
58212.44946	12.0891	0.0017	1.440
58212.44992	12.0862	0.0017	1.437
58212.45039	12.0931	0.0017	1.434
58212.45086	12.0825	0.0017	1.431
58212.45133	12.0908	0.0017	1.428
58212.45181	12.1009	0.0017	1.424
58212.45227	12.0888	0.0017	1.421
58212.45274	12.0875	0.0017	1.418
58212.45322	12.0951	0.0016	1.415
58212.45368	12.1006	0.0016	1.412
58212.45416	12.0964	0.0016	1.409
58212.45462	12.0993	0.0016	1.407
58212.45509	12.0939	0.0015	1.404
58212.45557	12.0926	0.0015	1.401
58212.45603	12.0844	0.0015	1.398
58212.45650	12.0889	0.0015	1.395
58212.45697	12.0996	0.0015	1.392
58212.45744	12.0902	0.0015	1.389
58212.45792	12.0856	0.0015	1.386
58212.45838	12.0986	0.0015	1.384
58212.45885	12.0900	0.0015	1.381
58212.45933	12.0953	0.0016	1.378
58212.45980	12.0849	0.0016	1.375
58212.46027	12.0900	0.0017	1.373
58212.46074	12.0968	0.0018	1.370
58212.46122	12.0980	0.0018	1.367
58212.46169	12.0919	0.0018	1.364
58212.46215	12.0874	0.0019	1.362
58212.46263	12.0896	0.0018	1.359
58212.46310	12.0916	0.0018	1.356
58212.46356	12.0916	0.0018	1.354
58212.46404	12.0967	0.0017	1.351
58212.46451	12.0911	0.0016	1.349
58212.46498	12.0921	0.0015	1.346
58212.46544	12.0821	0.0014	1.343
58212.46591	12.0839	0.0014	1.341
58212.46639	12.0966	0.0014	1.338
58212.46686	12.0812	0.0014	1.336
58212.46733	12.0875	0.0015	1.333
58212.46780	12.0852	0.0015	1.331
58212.46828	12.0937	0.0016	1.328
58212.46874	12.0856	0.0016	1.326
58212.46921	12.0898	0.0017	1.324
58212.46969	12.0906	0.0017	1.321
58212.47015	12.0842	0.0017	1.319
58212.47063	12.0861	0.0018	1.316
58212.47109	12.0864	0.0018	1.314
58212.47156	12.0888	0.0018	1.312
58212.47204	12.0965	0.0018	1.309
58212.47251	12.0921	0.0018	1.307
58212.47297	12.0835	0.0018	1.305
58212.47345	12.0920	0.0018	1.302
58212.47391	12.0952	0.0017	1.300
58212.47439	12.0987	0.0017	1.298
58212.47486	12.0933	0.0016	1.295
58212.47534	12.0916	0.0015	1.293
58212.47580	12.0900	0.0014	1.291
58212.47627	12.0846	0.0014	1.289
58212.47674	12.0933	0.0013	1.287
58212.47721	12.0903	0.0012	1.284
58212.47767	12.0994	0.0012	1.282
58212.47815	12.0866	0.0012	1.280
58212.47862	12.0863	0.0012	1.278
58212.47909	12.0911	0.0012	1.276
58212.47955	12.0900	0.0013	1.274
58212.48002	12.0978	0.0013	1.272
58212.48050	12.0963	0.0014	1.269
58212.48097	12.0946	0.0015	1.267
58212.48144	12.0922	0.0015	1.265
58212.48191	12.0835	0.0016	1.263
58212.48237	12.0963	0.0016	1.261
58212.48285	12.0958	0.0016	1.259
58212.48332	12.0898	0.0016	1.257
58212.48380	12.0873	0.0016	1.255
58212.48426	12.0903	0.0016	1.253
58212.48472	12.0895	0.0016	1.251
58212.48520	12.0981	0.0016	1.249
58212.48567	12.0930	0.0016	1.247
58212.48613	12.0931	0.0016	1.245
58212.48661	12.0854	0.0016	1.243
58212.48707	12.0953	0.0016	1.241
58212.48755	12.0854	0.0016	1.239
58212.48801	12.0896	0.0016	1.238
58212.48848	12.0949	0.0016	1.236
58212.48896	12.0954	0.0016	1.234
58212.48943	12.0909	0.0016	1.232
58212.48990	12.0920	0.0016	1.230
58212.49037	12.0894	0.0017	1.228
58212.49083	12.0917	0.0017	1.226
58212.49131	12.0924	0.0018	1.225
58212.49178	12.0859	0.0018	1.223
58212.49226	12.0890	0.0019	1.221
58212.49272	12.0907	0.0019	1.219
58212.49318	12.0966	0.0020	1.217
58212.49366	12.0957	0.0020	1.216
58212.49413	12.0874	0.0020	1.214
58212.49459	12.0921	0.0020	1.212
58212.49507	12.0853	0.0020	1.210
58212.49554	12.0902	0.0020	1.209
58212.49602	12.0854	0.0020	1.207
58212.49649	12.0860	0.0020	1.205
58212.49697	12.0905	0.0020	1.203
58212.49743	12.0872	0.0020	1.202
58212.49791	12.0944	0.0020	1.200
58212.49838	12.0888	0.0020	1.198
58212.49884	12.0908	0.0020	1.197
58212.49932	12.0929	0.0020	1.195
58212.49979	12.0874	0.0020	1.194
58212.50027	12.0899	0.0019	1.192
58212.50073	12.0906	0.0019	1.190
58212.50120	12.0914	0.0018	1.189
58212.50168	12.0934	0.0017	1.187
58212.50215	12.0808	0.0017	1.186
58212.50262	12.0967	0.0016	1.184
58212.50309	12.0860	0.0016	1.182
58212.50356	12.0947	0.0015	1.181
58212.50403	12.0946	0.0015	1.179
58212.50450	12.0912	0.0014	1.178
58212.50498	12.0890	0.0022	1.176
