12 header lines (incl this one)
Object: KIC8462852 
UT Date for start of observations: 2018.05.21
Observer: B.Gary
Band: g'-band, 17 ref star calibration 
Telescope: Meade 14" LX200-GPS, Optec FR
CCD: SBIG ST-10XME
Col 1: MJD (defined = JD - 2400000.5)
Col 2: g'-mag (empirical adjustment)
Col 3: SE
Col 4: air mass

58259.28337	12.0770	0.0024	1.772
58259.28725	12.0706	0.0023	1.729
58259.28771	12.0704	0.0023	1.724
58259.28818	12.0809	0.0023	1.719
58259.28866	12.0584	0.0024	1.714
58259.28913	12.0688	0.0025	1.709
58259.28961	12.0727	0.0026	1.704
58259.29008	12.0675	0.0026	1.699
58259.29056	12.0648	0.0026	1.694
58259.29104	12.0760	0.0026	1.689
58259.29152	12.0763	0.0025	1.684
58259.29541	12.0757	0.0024	1.646
58259.29588	12.0799	0.0023	1.642
58259.29635	12.0817	0.0022	1.637
58259.29683	12.0748	0.0021	1.633
58259.29730	12.0811	0.0020	1.628
58259.29778	12.0829	0.0020	1.624
58259.29826	12.0700	0.0019	1.619
58259.29874	12.0731	0.0019	1.615
58259.29921	12.0804	0.0015	1.611
58259.29969	12.0816	0.0016	1.606
58259.30404	.	0.0016	1.569
58259.30451	12.0821	0.0017	1.565
58259.30499	12.0842	0.0017	1.561
58259.30546	12.0834	0.0022	1.557
58259.30594	12.0766	0.0022	1.553
58259.30641	12.0709	0.0022	1.549
58259.30689	12.0776	0.0023	1.545
58259.30735	12.0700	0.0024	1.541
58259.30782	12.0808	0.0024	1.537
58259.31171	12.0814	0.0024	1.507
58259.31219	12.0876	0.0025	1.503
58259.31266	12.0873	0.0025	1.500
58259.31315	12.0767	0.0024	1.496
58259.31362	12.0882	0.0024	1.493
58259.31410	12.0625	0.0024	1.489
58259.31457	12.0891	0.0023	1.486
58259.31505	12.0783	0.0022	1.482
58259.31552	12.0704	0.0022	1.479
58259.31601	12.0777	0.0017	1.475
58259.31990	12.0859	0.0017	1.448
58259.32036	.	0.0017	1.445
58259.32083	12.0776	0.0017	1.442
58259.32131	12.0743	0.0017	1.439
58259.32178	12.0722	0.0021	1.436
58259.32226	12.0751	0.0021	1.432
58259.32273	12.0801	0.0021	1.429
58259.32321	12.0818	0.0021	1.426
58259.32368	12.0591	0.0020	1.423
58259.32416	12.0766	0.0020	1.420
58259.32804	12.0901	0.0020	1.396
58259.32852	12.0672	0.0020	1.393
58259.32899	12.0821	0.0020	1.390
58259.32947	12.0821	0.0020	1.387
58259.32997	12.0846	0.0020	1.384
58259.33044	12.0808	0.0020	1.381
58259.33091	12.0700	0.0020	1.378
58259.33139	12.0821	0.0021	1.376
58259.33186	12.0707	0.0021	1.373
58259.33234	12.0826	0.0021	1.370
58259.33668	12.0734	0.0022	1.346
58259.33715	12.0731	0.0022	1.343
58259.33762	12.0794	0.0022	1.341
58259.33809	12.0579	0.0018	1.338
58259.33856	12.0675	0.0018	1.336
58259.33904	.	0.0017	1.333
58259.33951	12.0854	0.0017	1.331
58259.33999	12.0791	0.0017	1.328
58259.34046	12.0730	0.0020	1.326
58259.34572	12.0636	0.0020	1.299
58259.34619	12.0625	0.0021	1.297
58259.34667	12.0586	0.0022	1.295
58259.34714	12.0664	0.0022	1.293
58259.34762	12.0793	0.0019	1.290
58259.34809	12.0697	0.0019	1.288
58259.34858	.	0.0019	1.286
58259.34905	12.0704	0.0020	1.284
58259.34953	12.0573	0.0019	1.281
58259.35000	12.0744	0.0019	1.279
58259.35389	12.0708	0.0019	1.262
58259.35436	.	0.0017	1.260
58259.35484	12.0835	0.0016	1.258
58259.35531	12.0776	0.0015	1.256
58259.35579	12.0886	0.0018	1.254
58259.35625	12.0587	0.0017	1.252
58259.35672	12.0630	0.0016	1.250
58259.35720	12.0759	0.0015	1.248
58259.35767	12.0760	0.0014	1.246
58259.35815	12.0742	0.0013	1.244
58259.36252	12.0779	0.0012	1.226
58259.36300	12.0808	0.0012	1.224
58259.36347	12.0791	0.0011	1.223
58259.36395	12.0728	0.0011	1.221
58259.36442	12.0695	0.0012	1.219
58259.36490	12.0689	0.0012	1.217
58259.36537	12.0787	0.0014	1.215
58259.36584	12.0683	0.0015	1.214
58259.36632	12.0743	0.0017	1.212
58259.37022	12.0753	0.0018	1.198
58259.37068	12.0780	0.0019	1.196
58259.37116	12.0753	0.0021	1.195
58259.37164	12.0710	0.0021	1.193
58259.37212	12.0779	0.0022	1.191
58259.37259	12.0706	0.0022	1.190
58259.37307	12.0817	0.0022	1.188
58259.37354	12.0777	0.0022	1.186
58259.37402	12.0654	0.0021	1.185
58259.37449	12.0683	0.0020	1.183
58259.37840	12.0887	0.0019	1.171
58259.37888	12.0732	0.0019	1.169
58259.37935	12.0732	0.0018	1.168
58259.37983	12.0751	0.0017	1.166
58259.38030	12.0738	0.0017	1.165
58259.38078	12.0666	0.0016	1.163
58259.38125	12.0703	0.0015	1.162
58259.38171	12.0683	0.0015	1.161
58259.38219	12.0737	0.0014	1.159
58259.38266	12.0698	0.0013	1.158
58259.38655	12.0698	0.0013	1.147
58259.38703	12.0602	0.0012	1.145
58259.38749	12.0742	0.0011	1.144
58259.38796	12.0729	0.0010	1.143
58259.38844	12.0642	0.0010	1.141
58259.38891	12.0672	0.0009	1.140
58259.38939	12.0650	0.0009	1.139
58259.38986	12.0691	0.0009	1.138
58259.39034	12.0693	0.0009	1.136
58259.39081	12.0682	0.0010	1.135
58259.39470	12.0728	0.0010	1.125
58259.39517	12.0666	0.0011	1.124
58259.39565	12.0766	0.0011	1.123
58259.39612	12.0656	0.0012	1.122
58259.39660	12.0684	0.0013	1.120
58259.39707	12.0739	0.0013	1.119
58259.39755	12.0636	0.0014	1.118
58259.39802	12.0722	0.0014	1.117
58259.39850	12.0738	0.0015	1.116
58259.39896	12.0751	0.0015	1.115
58259.40332	12.0711	0.0015	1.105
58259.40381	12.0662	0.0015	1.104
58259.40428	12.0782	0.0015	1.103
58259.40476	12.0685	0.0015	1.102
58259.40523	12.0772	0.0015	1.101
58259.40572	12.0717	0.0014	1.100
58259.40618	12.0651	0.0014	1.099
58259.40667	12.0788	0.0013	1.098
58259.40714	12.0647	0.0013	1.097
58259.41102	12.0852	0.0012	1.089
58259.41149	12.0745	0.0012	1.088
58259.41197	12.0744	0.0012	1.088
58259.41244	12.0799	0.0011	1.087
58259.41292	12.0708	0.0011	1.086
58259.41339	12.0694	0.0012	1.085
58259.41387	12.0748	0.0012	1.084
58259.41434	12.0656	0.0012	1.083
58259.41481	12.0732	0.0013	1.082
58259.41528	12.0666	0.0013	1.081
58259.41965	12.0714	0.0013	1.074
58259.42013	12.0761	0.0013	1.073
58259.42060	12.0720	0.0012	1.072
58259.42108	12.0733	0.0012	1.072
58259.42155	12.0716	0.0012	1.071
58259.42203	12.0717	0.0012	1.070
58259.42250	12.0722	0.0012	1.069
58259.42297	12.0738	0.0011	1.069
58259.42345	12.0731	0.0011	1.068
58259.42780	12.0740	0.0011	1.062
58259.42830	12.0737	0.0012	1.061
58259.42878	12.0686	0.0012	1.060
58259.42926	12.0775	0.0012	1.060
58259.42973	12.0596	0.0012	1.059
58259.43021	12.0700	0.0012	1.058
58259.43068	12.0622	0.0013	1.058
58259.43115	12.0770	0.0014	1.057
58259.43162	12.0678	0.0014	1.057
58259.43550	12.0719	0.0015	1.052
58259.43598	12.0643	0.0016	1.051
58259.43646	12.0665	0.0017	1.051
58259.43693	12.0683	0.0018	1.050
58259.43741	12.0697	0.0018	1.050
58259.43787	12.0687	0.0019	1.049
58259.43834	12.0639	0.0019	1.049
58259.43883	12.0659	0.0019	1.048
58259.43931	12.0706	0.0019	1.048
58259.43978	12.0614	0.0018	1.047
58259.44367	12.0721	0.0018	1.043
58259.44414	12.0718	0.0017	1.043
58259.44461	12.0787	0.0016	1.042
58259.44508	12.0712	0.0015	1.042
58259.44556	12.0751	0.0015	1.041
58259.44602	12.0737	0.0014	1.041
58259.44649	12.0659	0.0013	1.041
58259.44697	12.0680	0.0012	1.040
58259.44745	12.0724	0.0011	1.040
58259.44793	12.0662	0.0010	1.039
58259.45181	12.0751	0.0009	1.036
58259.45228	12.0760	0.0009	1.036
58259.45275	12.0703	0.0009	1.036
58259.45323	12.0708	0.0010	1.035
58259.45370	12.0702	0.0010	1.035
58259.45417	12.0704	0.0010	1.035
58259.45464	12.0587	0.0011	1.034
58259.45512	12.0702	0.0011	1.034
58259.45559	12.0754	0.0012	1.034
58259.45606	12.0683	0.0012	1.034
58259.45997	12.0742	0.0012	1.031
58259.46045	12.0720	0.0013	1.031
58259.46093	12.0673	0.0013	1.031
58259.46139	12.0737	0.0013	1.031
58259.46186	12.0731	0.0014	1.030
58259.46235	12.0777	0.0014	1.030
58259.46282	12.0715	0.0014	1.030
58259.46330	12.0771	0.0015	1.030
58259.46377	12.0708	0.0015	1.030
58259.46425	12.0705	0.0014	1.029
58259.46816	12.0789	0.0014	1.028
58259.46865	12.0644	0.0027	1.028
