12 header lines (incl this one)
Object: KIC846 
UT Date for start of observations: 2018.05.17
Observer: B.Gary
Band: g'-band, 17 ref star calibration 
Telescope: Meade 14" LX200-GPS, Optec FR
CCD: SBIG ST-10XME
Col 1: MJD (defined = JD - 2400000.5)
Col 2: g'-mag (empirical adjustment)
Col 3: SE
Col 4: air mass

58255.26931	12.0773	0.0020	2.119
58255.26978	12.0783	0.0019	2.111
58255.27025	12.0767	0.0019	2.103
58255.27074	12.0765	0.0019	2.095
58255.27122	12.0815	0.0018	2.088
58255.27169	12.0647	0.0018	2.080
58255.27216	12.0629	0.0017	2.072
58255.27264	12.0713	0.0017	2.064
58255.27311	12.0733	0.0017	2.057
58255.27749	12.0662	0.0017	1.990
58255.27796	12.0715	0.0016	1.983
58255.27843	12.0652	0.0016	1.976
58255.27890	12.0736	0.0017	1.969
58255.27937	12.0766	0.0017	1.962
58255.27985	12.0699	0.0017	1.955
58255.28032	12.0661	0.0017	1.949
58255.28080	12.0752	0.0017	1.942
58255.28128	12.0731	0.0017	1.935
58255.28176	12.0705	0.0016	1.929
58255.28615	12.0841	0.0016	1.870
58255.28663	12.0729	0.0015	1.864
58255.28711	12.0792	0.0015	1.858
58255.28758	12.0705	0.0014	1.852
58255.28806	12.0595	0.0014	1.846
58255.28853	12.0694	0.0013	1.840
58255.28900	12.0711	0.0014	1.834
58255.28948	12.0783	0.0014	1.828
58255.28995	12.0713	0.0015	1.823
58255.29043	12.0726	0.0015	1.817
58255.29479	12.0759	0.0016	1.766
58255.29525	12.0708	0.0017	1.761
58255.29573	12.0740	0.0017	1.755
58255.29620	12.0712	0.0017	1.750
58255.29668	12.0520	0.0017	1.745
58255.29715	12.0654	0.0017	1.740
58255.29763	12.0716	0.0017	1.734
58255.29810	12.0762	0.0016	1.729
58255.29856	12.0721	0.0015	1.724
58255.29904	12.0714	0.0014	1.719
58255.30343	12.0836	0.0014	1.674
58255.30390	12.0716	0.0013	1.670
58255.30437	12.0696	0.0012	1.665
58255.30485	12.0643	0.0012	1.660
58255.30532	12.0739	0.0011	1.656
58255.30580	12.0748	0.0011	1.651
58255.30627	12.0817	0.0011	1.647
58255.30675	12.0673	0.0012	1.642
58255.30722	12.0693	0.0012	1.638
58255.30770	12.0729	0.0013	1.633
58255.31206	12.0795	0.0014	1.594
58255.31252	12.0752	0.0015	1.589
58255.31300	12.0693	0.0016	1.585
58255.31347	12.0758	0.0016	1.581
58255.31395	12.0762	0.0017	1.577
58255.31442	12.0677	0.0017	1.573
58255.31490	12.0658	0.0017	1.569
58255.31537	12.0709	0.0017	1.565
58255.31584	12.0785	0.0016	1.561
58255.31632	12.0769	0.0016	1.557
58255.32067	12.0796	0.0015	1.522
58255.32113	12.0738	0.0014	1.519
58255.32161	12.0798	0.0014	1.515
58255.32209	12.0681	0.0013	1.511
58255.32256	12.0842	0.0013	1.508
58255.32303	12.0699	0.0012	1.504
58255.32351	12.0747	0.0012	1.500
58255.32399	12.0642	0.0012	1.497
58255.32446	12.0724	0.0011	1.493
58255.32493	12.0767	0.0011	1.490
58255.32932	12.0696	0.0011	1.459
58255.32979	12.0568	0.0010	1.455
58255.33027	12.0742	0.0010	1.452
58255.33074	12.0787	0.0010	1.449
58255.33123	12.0758	0.0010	1.445
58255.33170	12.0725	0.0010	1.442
58255.33218	12.0702	0.0011	1.439
58255.33265	12.0690	0.0011	1.436
58255.33312	12.0650	0.0012	1.433
58255.33360	12.0707	0.0012	1.430
58255.33797	12.0766	0.0013	1.402
58255.33845	12.0773	0.0013	1.399
58255.33892	12.0707	0.0014	1.396
58255.33940	12.0714	0.0014	1.393
58255.33986	12.0779	0.0014	1.390
58255.34034	12.0701	0.0014	1.387
58255.34081	12.0713	0.0014	1.385
58255.34128	12.0755	0.0014	1.382
58255.34175	12.0750	0.0014	1.379
58255.34222	12.0754	0.0014	1.376
58255.34657	12.0692	0.0014	1.351
58255.34705	12.0660	0.0014	1.349
58255.34751	12.0706	0.0014	1.346
58255.34801	12.0773	0.0014	1.344
58255.34847	12.0728	0.0014	1.341
58255.34896	12.0768	0.0014	1.338
58255.34943	12.0810	0.0014	1.336
58255.34990	12.0715	0.0014	1.334
58255.35036	12.0679	0.0013	1.331
58255.35083	12.0653	0.0013	1.329
58255.35520	12.0838	0.0012	1.306
58255.35567	12.0791	0.0011	1.304
58255.35615	12.0796	0.0011	1.302
58255.35662	12.0777	0.0011	1.299
58255.35709	12.0721	0.0011	1.297
58255.35757	12.0771	0.0011	1.295
58255.35804	12.0847	0.0012	1.293
58255.35852	12.0714	0.0013	1.290
58255.35900	12.0795	0.0014	1.288
58255.35948	12.0756	0.0015	1.286
58255.36387	12.0694	0.0016	1.266
58255.36433	12.0766	0.0016	1.264
58255.36480	12.0798	0.0016	1.262
58255.36529	12.0622	0.0016	1.260
58255.36578	12.0678	0.0016	1.258
58255.36625	12.0762	0.0015	1.256
58255.36674	12.0679	0.0015	1.254
58255.36720	12.0686	0.0014	1.252
58255.36769	12.0733	0.0013	1.250
58255.36815	12.0691	0.0013	1.248
58255.37251	12.0787	0.0013	1.230
58255.37299	12.0719	0.0012	1.228
58255.37346	12.0722	0.0013	1.226
58255.37394	12.0633	0.0013	1.224
58255.37442	12.0796	0.0013	1.223
58255.37490	12.0724	0.0013	1.221
58255.37537	12.0719	0.0013	1.219
58255.37584	12.0758	0.0012	1.217
58255.37632	12.0734	0.0012	1.215
58255.37681	12.0746	0.0012	1.214
58255.38117	12.0667	0.0012	1.198
58255.38164	12.0754	0.0012	1.196
58255.38212	12.0698	0.0012	1.194
58255.38259	12.0717	0.0012	1.193
58255.38307	12.0745	0.0012	1.191
58255.38355	12.0750	0.0012	1.190
58255.38403	12.0696	0.0012	1.188
58255.38449	12.0789	0.0013	1.186
58255.38497	12.0740	0.0013	1.185
58255.38544	12.0634	0.0013	1.183
58255.38983	12.0763	0.0013	1.169
58255.39030	12.0771	0.0013	1.168
58255.39078	12.0785	0.0013	1.166
58255.39125	12.0696	0.0012	1.165
58255.39171	12.0653	0.0012	1.163
58255.39219	12.0634	0.0011	1.162
58255.39266	12.0720	0.0011	1.160
58255.39314	12.0623	0.0010	1.159
58255.39361	12.0642	0.0010	1.158
58255.39409	12.0711	0.0010	1.156
58255.39892	12.0681	0.0010	1.143
58255.39941	12.0785	0.0011	1.141
58255.39990	12.0737	0.0012	1.140
58255.40037	12.0757	0.0012	1.139
58255.40083	12.0746	0.0013	1.137
58255.40131	12.0695	0.0013	1.136
58255.40178	12.0754	0.0014	1.135
58255.40226	12.0703	0.0014	1.134
58255.40273	12.0751	0.0014	1.132
58255.40712	12.0722	0.0013	1.121
58255.40759	12.0640	0.0013	1.120
58255.40806	12.0658	0.0013	1.119
58255.40853	12.0755	0.0012	1.118
58255.40900	12.0759	0.0012	1.117
58255.40948	12.0627	0.0012	1.116
58255.40995	12.0783	0.0013	1.115
58255.41043	12.0740	0.0014	1.114
58255.41090	12.0691	0.0015	1.112
58255.41138	12.0676	0.0017	1.111
58255.41623	12.0709	0.0018	1.101
58255.41670	12.0689	0.0020	1.100
58255.41719	12.0674	0.0021	1.099
58255.41769	12.0744	0.0023	1.098
58255.41816	12.0683	0.0024	1.097
58255.41863	12.0654	0.0025	1.096
58255.41911	12.0771	0.0026	1.095
58255.41959	12.0612	0.0027	1.094
58255.42007	12.0724	0.0027	1.093
58255.42447	12.0782	0.0027	1.085
58255.42494	12.0703	0.0027	1.084
58255.42542	12.0663	0.0027	1.083
58255.42589	12.0666	0.0026	1.082
58255.42637	12.0700	0.0025	1.081
58255.42684	12.0811	0.0024	1.080
58255.42730	12.0688	0.0023	1.080
58255.42778	12.0703	0.0022	1.079
58255.42825	12.0764	0.0021	1.078
58255.42873	12.0701	0.0020	1.077
58255.43308	12.0748	0.0019	1.070
58255.43358	12.0815	0.0018	1.069
58255.43404	12.0660	0.0017	1.068
58255.43451	12.0783	0.0017	1.068
58255.43499	12.0667	0.0016	1.067
58255.43546	12.0848	0.0016	1.066
58255.43594	12.0712	0.0015	1.066
58255.43641	12.0685	0.0014	1.065
58255.43689	12.0722	0.0013	1.064
58255.43736	12.0736	0.0013	1.064
58255.44172	12.0705	0.0012	1.058
58255.44219	12.0710	0.0011	1.057
58255.44266	12.0706	0.0010	1.056
58255.44315	12.0713	0.0010	1.056
58255.44362	12.0770	0.0010	1.055
58255.44409	12.0749	0.0010	1.055
58255.44456	12.0685	0.0010	1.054
58255.44503	12.0758	0.0011	1.053
58255.44551	12.0769	0.0013	1.053
58255.44598	12.0734	0.0014	1.052
58255.45035	12.0811	0.0015	1.047
58255.45083	12.0835	0.0016	1.047
58255.45131	12.0752	0.0017	1.046
58255.45178	12.0674	0.0018	1.046
58255.45273	12.0766	0.0019	1.045
58255.45321	12.0733	0.0020	1.045
58255.45368	12.0693	0.0020	1.044
58255.45416	12.0683	0.0020	1.044
58255.45463	12.0737	0.0020	1.043
58255.45899	12.0844	0.0020	1.039
58255.45946	12.0759	0.0019	1.039
58255.45994	12.0800	0.0018	1.039
58255.46041	12.0782	0.0017	1.038
58255.46088	12.0672	0.0016	1.038
58255.46135	12.0740	0.0016	1.037
58255.46183	12.0688	0.0015	1.037
58255.46230	12.0674	0.0014	1.037
58255.46278	12.0796	0.0014	1.036
58255.46325	12.0707	0.0014	1.036
58255.46760	12.0711	0.0014	1.033
58255.46807	12.0715	0.0015	1.033
58255.46855	12.0735	0.0016	1.033
58255.46902	12.0737	0.0017	1.032
58255.46950	12.0795	0.0018	1.032
58255.46998	12.0712	0.0020	1.032
58255.47045	12.0682	0.0021	1.032
58255.47093	12.0794	0.0023	1.031
58255.47140	12.0709	0.0024	1.031
58255.47187	12.0704	0.0025	1.031
58255.47672	12.0707	0.0027	1.029
58255.47719	12.0679	0.0028	1.029
58255.47766	12.0757	0.0029	1.029
58255.47814	12.0648	0.0030	1.028
58255.47861	12.0745	0.0031	1.028
58255.47909	12.0759	0.0032	1.028
58255.47956	12.0741	0.0032	1.028
58255.48003	12.0726	0.0032	1.028
58255.48051	12.0713	0.0031	1.028
58255.48534	.	0.0047	1.027
