12 header lines (incl this one)
Object: KIC846
UT Date for start of observations: 2018.03.20
Observer: B.Gary
Band: g'-band, 17 ref star calibration 
Telescope: Meade 14" LX200-GPS, Optec FR
CCD: SBIG ST-10XME
Col 1: MJD (defined = JD - 2400000.5)
Col 2: g'-mag + 0.0007 (empirical adjustment)
Col 3: SE
Col 4: air mass

58197.40225	12.0933	0.0018	2.668
58197.40272	12.1006	0.0018	2.655
58197.40324	12.0939	0.0018	2.641
58197.40372	12.0880	0.0012	2.628
58197.40418	12.1105	0.0013	2.616
58197.40465	12.1043	0.0014	2.604
58197.40513	12.0926	0.0015	2.592
58197.40565	12.0879	0.0015	2.578
58197.40617	12.1113	0.0016	2.565
58197.40663	12.0894	0.0017	2.553
58197.40711	12.0969	0.0017	2.542
58197.40758	12.0896	0.0018	2.530
58197.40810	12.0898	0.0018	2.517
58197.40862	12.1034	0.0019	2.505
58197.40914	12.0869	0.0020	2.492
58197.40962	12.0998	0.0021	2.481
58197.41008	12.1018	0.0021	2.470
58197.41056	12.0915	0.0022	2.459
58197.41102	12.1067	0.0023	2.448
58197.41149	12.1006	0.0023	2.437
58197.41196	12.1045	0.0024	2.427
58197.41243	12.0995	0.0024	2.416
58197.41289	12.1101	0.0024	2.406
58197.41336	12.0904	0.0023	2.396
58197.41382	12.0877	0.0023	2.386
58197.41429	12.1054	0.0022	2.375
58197.41477	12.0940	0.0022	2.365
58197.41523	12.1044	0.0021	2.355
58197.41571	12.0993	0.0020	2.345
58197.41618	12.0949	0.0020	2.336
58197.41670	12.1041	0.0020	2.325
58197.41716	12.0957	0.0021	2.315
58197.41764	12.0778	0.0022	2.306
58197.41811	12.0900	0.0023	2.296
58197.41863	12.0938	0.0025	2.286
58197.41910	12.0853	0.0026	2.276
58197.41956	12.0921	0.0027	2.267
58197.42003	12.0894	0.0028	2.258
58197.42050	12.0857	0.0028	2.249
58197.42097	12.0954	0.0028	2.240
58197.42145	12.0887	0.0027	2.231
58197.42196	12.0967	0.0026	2.221
58197.42243	12.1029	0.0024	2.213
58197.42291	12.0990	0.0023	2.204
58197.42337	12.0940	0.0021	2.195
58197.42384	12.0995	0.0019	2.187
58197.42432	12.0915	0.0018	2.178
58197.42479	12.1051	0.0017	2.170
58197.42525	12.1081	0.0016	2.161
58197.42573	12.0934	0.0016	2.153
58197.42619	12.0995	0.0015	2.145
58197.42667	12.1012	0.0015	2.137
58197.42713	12.1002	0.0015	2.129
58197.42760	12.0963	0.0015	2.121
58197.42808	12.1081	0.0014	2.113
58197.42854	12.0859	0.0014	2.105
58197.42907	12.0910	0.0013	2.096
58197.42954	12.0909	0.0013	2.088
58197.43001	12.0908	0.0012	2.081
58197.43049	12.0897	0.0012	2.073
58197.43101	12.0994	0.0013	2.064
58197.43147	12.1021	0.0013	2.057
58197.43199	12.0953	0.0014	2.049
58197.43247	12.1028	0.0014	2.041
58197.43294	12.0935	0.0015	2.034
58197.43340	12.1021	0.0015	2.027
58197.43387	12.0982	0.0015	2.020
58197.43434	12.0945	0.0016	2.012
58197.43480	12.0987	0.0016	2.005
58197.43532	12.0910	0.0015	1.998
58197.43579	12.0903	0.0015	1.991
58197.43626	12.0964	0.0015	1.984
58197.43678	12.1000	0.0015	1.976
58197.43725	12.1030	0.0015	1.969
58197.43772	12.0965	0.0015	1.963
58197.43824	12.0918	0.0015	1.955
58197.43875	12.1029	0.0015	1.948
58197.43927	12.1094	0.0015	1.941
58197.43973	12.0915	0.0015	1.934
58197.44021	12.0910	0.0014	1.928
58197.44067	12.0897	0.0014	1.921
58197.44115	12.0913	0.0013	1.915
58197.44161	12.0989	0.0013	1.908
58197.44208	12.0980	0.0013	1.902
58197.44255	12.0969	0.0012	1.896
58197.44307	12.1047	0.0013	1.889
58197.44354	12.1022	0.0013	1.883
58197.44400	12.0930	0.0013	1.877
58197.44448	12.0979	0.0014	1.871
58197.44494	12.0981	0.0014	1.865
58197.44541	12.0923	0.0015	1.859
58197.44588	12.1031	0.0015	1.853
58197.44635	12.0990	0.0016	1.847
58197.44682	12.0962	0.0016	1.841
58197.44729	12.0922	0.0016	1.835
58197.44775	12.0918	0.0016	1.829
58197.44826	12.0935	0.0016	1.823
58197.44873	12.1031	0.0016	1.818
58197.44920	12.0849	0.0016	1.812
58197.44966	12.0979	0.0016	1.806
58197.45017	12.0866	0.0016	1.800
58197.45065	12.1059	0.0017	1.795
58197.45112	12.1037	0.0017	1.789
58197.45159	12.0993	0.0016	1.784
58197.45211	12.0957	0.0016	1.778
58197.45258	12.0967	0.0016	1.772
58197.45310	12.1065	0.0016	1.766
58197.45356	12.0909	0.0016	1.761
58197.45403	12.1036	0.0016	1.756
58197.45450	12.0969	0.0016	1.751
58197.45502	12.0981	0.0017	1.745
58197.45549	12.0948	0.0017	1.740
58197.45596	12.0975	0.0018	1.735
58197.45642	12.0955	0.0019	1.730
58197.45690	12.1010	0.0019	1.725
58197.45737	12.0908	0.0020	1.720
58197.45788	12.1012	0.0020	1.714
58197.45834	12.0942	0.0020	1.709
58197.45882	12.0918	0.0020	1.705
58197.45934	12.0882	0.0020	1.699
58197.45980	12.0980	0.0020	1.694
58197.46028	12.1082	0.0019	1.690
58197.46080	12.0983	0.0019	1.684
58197.46132	12.0942	0.0019	1.679
58197.46184	12.0975	0.0019	1.674
58197.46230	12.1047	0.0020	1.669
58197.46278	12.1020	0.0020	1.665
58197.46325	12.0963	0.0021	1.660
58197.46376	12.0917	0.0023	1.655
58197.46424	12.0950	0.0024	1.650
58197.46470	12.1045	0.0025	1.646
58197.46517	12.1036	0.0026	1.641
58197.46564	12.1013	0.0026	1.637
58197.46610	12.0998	0.0026	1.633
58197.46656	12.0932	0.0025	1.628
58197.46703	12.0929	0.0025	1.624
58197.46750	12.1030	0.0024	1.620
58197.46797	12.0943	0.0022	1.615
58197.46844	12.0974	0.0021	1.611
58197.46891	12.0980	0.0019	1.607
58197.46943	12.0983	0.0017	1.602
58197.46990	12.0882	0.0016	1.598
58197.47042	12.0913	0.0015	1.594
58197.47088	12.1039	0.0013	1.590
58197.47135	12.0872	0.0013	1.585
58197.47187	12.0909	0.0013	1.581
58197.47240	12.1017	0.0013	1.576
58197.47292	12.0880	0.0013	1.572
58197.47339	12.0977	0.0013	1.568
58197.47385	12.0923	0.0014	1.564
58197.47439	12.0917	0.0014	1.560
58197.47486	12.0961	0.0015	1.556
58197.47532	12.1015	0.0016	1.552
58197.47580	12.1007	0.0016	1.548
58197.47626	12.0970	0.0016	1.544
58197.47674	12.0969	0.0016	1.540
58197.47720	12.0976	0.0016	1.537
58197.47767	12.1050	0.0016	1.533
58197.47815	12.1023	0.0016	1.529
58197.47867	12.0967	0.0016	1.525
58197.47914	12.0935	0.0017	1.521
58197.47961	12.0984	0.0017	1.518
58197.48008	12.0927	0.0017	1.514
58197.48054	12.0940	0.0018	1.511
58197.48102	12.0934	0.0018	1.507
58197.48148	12.0941	0.0018	1.503
58197.48196	12.0889	0.0019	1.500
58197.48242	12.0946	0.0018	1.496
58197.48289	12.0992	0.0018	1.493
58197.48341	12.0926	0.0018	1.489
58197.48388	12.0913	0.0017	1.486
58197.48435	12.0992	0.0017	1.482
58197.48481	12.1030	0.0016	1.479
58197.48534	12.0939	0.0015	1.475
58197.48581	12.0966	0.0015	1.472
58197.48632	12.1025	0.0014	1.468
58197.48679	12.0901	0.0014	1.465
58197.48726	12.0956	0.0013	1.461
58197.48772	12.0896	0.0013	1.458
58197.48824	12.0974	0.0013	1.455
58197.48870	12.1057	0.0013	1.451
58197.48924	12.0924	0.0012	1.448
58197.48970	12.0927	0.0011	1.445
58197.49017	12.0925	0.0011	1.442
58197.49064	12.0974	0.0011	1.438
58197.49111	12.1017	0.0010	1.435
58197.49157	12.1014	0.0010	1.432
58197.49209	12.0949	0.0011	1.429
58197.49260	12.0987	0.0011	1.425
58197.49308	12.0972	0.0011	1.422
58197.49355	12.0980	0.0012	1.419
58197.49406	12.0896	0.0013	1.416
58197.49458	12.0932	0.0014	1.413
58197.49512	12.0960	0.0015	1.409
58197.49558	12.0947	0.0016	1.406
58197.49605	12.1005	0.0016	1.404
58197.49657	12.0997	0.0016	1.400
58197.49705	12.0903	0.0016	1.397
58197.49751	12.0934	0.0016	1.395
58197.49803	12.1011	0.0016	1.391
58197.49851	12.0944	0.0016	1.389
58197.49898	12.0983	0.0015	1.386
58197.49944	12.0919	0.0015	1.383
58197.49992	12.0989	0.0015	1.380
58197.50039	12.0980	0.0015	1.377
58197.50087	12.0900	0.0015	1.375
58197.50133	12.0993	0.0015	1.372
58197.50181	12.0905	0.0015	1.369
58197.50228	12.1023	0.0015	1.366
58197.50274	12.0934	0.0015	1.364
58197.50322	12.1023	0.0015	1.361
58197.50368	12.0973	0.0015	1.358
58197.50416	12.0950	0.0015	1.356
58197.50463	12.0987	0.0014	1.353
58197.50509	12.0969	0.0014	1.351
58197.50557	12.1096	0.0014	1.348
58197.50603	12.0998	0.0015	1.345
58197.50650	12.1045	0.0015	1.343
58197.50698	12.0976	0.0015	1.340
58197.50744	12.0930	0.0016	1.338
58197.50792	12.1013	0.0016	1.335
58197.50838	12.0978	0.0017	1.333
58197.50890	12.0979	0.0017	1.330
58197.50937	12.0947	0.0017	1.328
58197.50984	12.0951	0.0017	1.325
58197.51031	12.0944	0.0017	1.323
58197.51078	12.0925	0.0016	1.320
58197.51124	12.0956	0.0016	1.318
58197.51170	12.0941	0.0015	1.316
58197.51218	12.0994	0.0015	1.313
58197.51264	12.0919	0.0014	1.311
58197.51316	12.0978	0.0014	1.308
58197.51369	12.1018	0.0014	1.306
58197.51416	12.0925	0.0014	1.303
58197.51462	12.0927	0.0014	1.301
58197.51508	12.0980	0.0015	1.299
58197.51556	12.0953	0.0015	1.297
58197.51602	12.0913	0.0016	1.294
58197.51654	12.1003	0.0016	1.292
58197.51701	12.0979	0.0017	1.290
58197.51748	12.0912	0.0017	1.288
58197.51795	12.0872	0.0017	1.285
58197.51847	12.0986	0.0017	1.283
58197.51894	12.0976	0.0032	1.281
