12 header lines (incl this one)
Object: KIC846
UT Date for start of observations: 2018.01.02
Observer: B.Gary
Band: g'-band, 17 ref star calibration 
Telescope: Meade 14" LX200-GPS, no FR
CCD: SBIG ST-10XME
Col 1: MJD (defined = JD - 2400000.5)
Col 2: g'-mag
Col 3: SE
Col 4: air mass

58120.04638	12.0710	0.0034	1.645
58120.04689	12.0618	0.0034	1.650
58120.04741	12.0755	0.0034	1.655
58120.04791	12.0716	0.0023	1.659
58120.04840	12.0618	0.0027	1.664
58120.04888	12.0717	0.0030	1.669
58120.04939	12.0775	0.0032	1.674
58120.04990	12.0675	0.0034	1.679
58120.05039	12.0807	0.0036	1.684
58120.05090	12.0774	0.0037	1.689
58120.05140	12.0703	0.0037	1.694
58120.05191	12.0824	0.0037	1.700
58120.05241	12.0655	0.0036	1.705
58120.05292	12.0722	0.0035	1.710
58120.05341	12.0671	0.0033	1.715
58120.05392	12.0851	0.0031	1.721
58120.05442	12.0794	0.0029	1.726
58120.05494	12.0807	0.0027	1.732
58120.05544	12.0875	0.0024	1.737
58120.05595	12.0798	0.0022	1.742
58120.05646	12.0794	0.0020	1.748
58120.05696	12.0855	0.0019	1.754
58120.05747	12.0899	0.0018	1.759
58120.05793	12.0823	0.0018	1.764
58120.05843	12.0827	0.0018	1.770
58120.05895	12.0684	0.0018	1.776
58120.05944	12.0781	0.0018	1.782
58120.05994	12.0839	0.0018	1.787
58120.06045	12.0754	0.0019	1.793
58120.06096	12.0820	0.0019	1.799
58120.06147	12.0745	0.0019	1.805
58120.06197	12.0865	0.0019	1.811
58120.06249	12.0773	0.0019	1.818
58120.06299	12.0682	0.0019	1.824
58120.06348	12.0799	0.0019	1.830
58120.06399	12.0780	0.0019	1.836
58120.06450	12.0731	0.0019	1.842
58120.06501	12.0798	0.0019	1.849
58120.06551	12.0705	0.0019	1.855
58120.06602	12.0739	0.0019	1.861
58120.06652	12.0742	0.0019	1.868
58120.06703	12.0695	0.0019	1.874
58120.06752	12.0887	0.0018	1.881
58120.06803	12.0785	0.0018	1.888
58120.06854	12.0817	0.0018	1.894
58120.06905	12.0816	0.0017	1.901
58120.06955	12.0828	0.0016	1.908
58120.07005	12.0918	0.0016	1.914
58120.07056	12.0832	0.0015	1.921
58120.07105	12.0831	0.0015	1.928
58120.07156	12.0818	0.0015	1.935
58120.07207	12.0733	0.0015	1.942
58120.07257	12.0731	0.0016	1.949
58120.07308	12.0767	0.0017	1.957
58120.07359	12.0853	0.0018	1.964
58120.07409	12.0783	0.0019	1.971
58120.07459	12.0886	0.0020	1.979
58120.07509	12.0861	0.0021	1.986
58120.07559	12.0706	0.0023	1.993
58120.07609	12.0807	0.0024	2.001
58120.07660	12.0789	0.0025	2.008
58120.07711	12.0640	0.0026	2.016
58120.07762	12.0789	0.0027	2.024
58120.07811	12.0833	0.0028	2.032
58120.07862	12.0844	0.0029	2.039
58120.07912	12.0685	0.0031	2.047
58120.07963	12.0852	0.0032	2.055
58120.08013	12.0819	0.0033	2.063
58120.08064	12.0695	0.0034	2.071
58120.08115	12.0802	0.0035	2.080
58120.08164	12.0844	0.0036	2.088
58120.08215	12.0672	0.0036	2.096
58120.08266	12.0916	0.0037	2.105
58120.08317	12.0782	0.0038	2.113
58120.08367	12.0705	0.0038	2.122
58120.08418	12.0836	0.0039	2.130
58120.08469	12.0638	0.0039	2.139
58120.08520	12.0734	0.0040	2.148
58120.08571	12.0848	0.0040	2.157
58120.08622	12.0705	0.0041	2.166
58120.08671	12.0701	0.0041	2.175
58120.08722	12.0858	0.0041	2.184
58120.08774	12.0826	0.0041	2.193
58120.08824	12.0661	0.0041	2.203
58120.08874	12.0863	0.0041	2.212
58120.08924	12.0695	0.0041	2.221
58120.08973	12.0988	0.0040	2.230
58120.09024	12.0752	0.0039	2.240
58120.09075	12.0766	0.0039	2.250
58120.09126	12.0737	0.0038	2.260
58120.09176	12.0834	0.0037	2.269
58120.09223	12.1000	0.0036	2.279
58120.09274	12.0865	0.0036	2.289
58120.09324	12.0799	0.0035	2.299
58120.09373	12.0697	0.0035	2.309
58120.09424	12.0753	0.0035	2.319
58120.09475	12.0899	0.0036	2.330
58120.09527	12.0755	0.0036	2.340
58120.09576	12.0782	0.0037	2.351
58120.09626	12.0650	0.0038	2.361
58120.09677	12.0844	0.0039	2.372
58120.09728	12.0780	0.0041	2.383
58120.09778	12.0855	0.0042	2.394
58120.09828	12.0782	0.0043	2.405
58120.09878	12.0709	0.0043	2.416
58120.09929	12.0686	0.0044	2.428
58120.09979	12.0710	0.0043	2.439
58120.10030	12.0585	0.0043	2.451
58120.10081	12.0719	0.0042	2.463
58120.10132	12.0813	0.0041	2.474
58120.10182	12.0674	0.0041	2.486
58120.10231	12.0899	0.0039	2.498
58120.10282	12.0968	0.0039	2.510
58120.10333	12.0688	0.0039	2.523
58120.10384	12.0837	0.0040	2.535
58120.10434	12.0837	0.0042	2.547
58120.10485	12.0765	0.0044	2.560
58120.10535	12.0687	0.0045	2.573
58120.10586	12.0720	0.0047	2.586
58120.10638	12.0798	0.0049	2.599
58120.10688	12.0964	0.0049	2.612
58120.10737	12.0701	0.0050	2.625
58120.10788	12.0843	0.0050	2.639
58120.10838	12.0779	0.0051	2.652
58120.10889	12.0823	0.0050	2.666
58120.10939	12.0663	0.0049	2.679
58120.10990	12.0661	0.0048	2.694
58120.11041	12.0650	0.0048	2.708
58120.11090	12.0706	0.0047	2.722
58120.11140	12.0794	0.0047	2.736
58120.11191	12.0889	0.0048	2.751
58120.11241	12.0645	0.0049	2.765
58120.11291	12.0938	0.0039	2.780
58120.11341	12.0798	0.0042	2.795
58120.11392	.	0.0047	2.811
58120.11442	12.0732	0.0053	2.826
58120.11493	12.0747	0.0058	2.841
58120.11543	12.0962	0.0077	2.857
58120.11594	12.0881	0.0084	2.873
58120.11644	12.0918	0.0091	2.889
58120.11694	12.0732	0.0090	2.905
58120.11744	12.0816	0.0094	2.921
58120.11791	12.0634	0.0095	2.937
58120.11841	12.0908	0.0092	2.954
58120.11891	12.0803	0.0090	2.970
58120.11941	12.0736	0.0089	2.987
58120.11992	12.0766	0.0084	3.005
58120.12042	12.0674	0.0064	3.022
58120.12093	12.0680	0.0063	3.040
58120.12144	.	0.0062	3.058
58120.12193	12.0766	0.0068	3.076
58120.12243	12.0649	0.0077	3.094
