12 header lines (incl this one)
Object: KIC8462852 
UT Date for start of observations: 2018.05.31
Observer: B.Gary
Band: g'-band, 17 ref star calibration 
Telescope: Meade 14" LX200-GPS, Optec FR
CCD: SBIG ST-10XME
Col 1: MJD (defined = JD - 2400000.5)
Col 2: g'-mag (empirical adjustment)
Col 3: SE
Col 4: air mass

58269.20854	12.0828	0.0030	2.591
58269.21292	12.0408	0.0029	2.483
58269.21339	12.0572	0.0029	2.472
58269.21435	12.0519	0.0029	2.450
58269.21483	12.0588	0.0030	2.439
58269.21530	12.0655	0.0030	2.428
58269.21578	12.0599	0.0031	2.418
58269.21625	12.0517	0.0030	2.407
58269.21672	12.0487	0.0030	2.397
58269.22064	12.0794	0.0029	2.314
58269.22111	12.0650	0.0029	2.304
58269.22159	12.0666	0.0029	2.295
58269.22206	12.0628	0.0028	2.285
58269.22253	12.0617	0.0029	2.276
58269.22302	12.0616	0.0029	2.266
58269.22350	12.0724	0.0030	2.257
58269.22397	12.0420	0.0030	2.248
58269.22444	12.0783	0.0031	2.239
58269.22492	12.0581	0.0032	2.230
58269.22881	12.0667	0.0032	2.159
58269.22928	12.0608	0.0032	2.150
58269.22976	12.0680	0.0032	2.142
58269.23023	12.0783	0.0032	2.134
58269.23072	12.0766	0.0031	2.126
58269.23119	12.0563	0.0031	2.118
58269.23167	12.0618	0.0030	2.110
58269.23214	12.0563	0.0029	2.102
58269.23262	12.0758	0.0028	2.094
58269.23309	12.0506	0.0028	2.086
58269.23699	12.0495	0.0027	2.024
58269.23747	12.0664	0.0026	2.017
58269.23794	12.0493	0.0025	2.010
58269.23843	12.0727	0.0025	2.002
58269.23890	12.0745	0.0024	1.995
58269.23937	12.0733	0.0023	1.988
58269.23985	12.0407	0.0022	1.981
58269.24032	12.0628	0.0022	1.974
58269.24080	12.0622	0.0023	1.967
58269.24127	12.0679	0.0024	1.960
58269.24517	12.0592	0.0025	1.906
58269.24565	12.0699	0.0026	1.900
58269.24612	12.0523	0.0027	1.894
58269.24660	12.0668	0.0029	1.887
58269.24707	12.0691	0.0030	1.881
58269.24755	12.0633	0.0030	1.875
58269.24802	12.0621	0.0031	1.869
58269.24850	12.0612	0.0031	1.863
58269.24897	12.0612	0.0030	1.857
58269.24946	12.0609	0.0030	1.851
58269.25336	12.0650	0.0029	1.803
58269.25383	12.0673	0.0029	1.797
58269.25431	12.0573	0.0028	1.792
58269.25478	12.0722	0.0027	1.786
58269.25525	12.0657	0.0027	1.781
58269.25573	12.0529	0.0026	1.775
58269.25620	12.0580	0.0025	1.770
58269.25668	12.0575	0.0025	1.765
58269.25715	12.0610	0.0025	1.759
58269.25763	12.0641	0.0024	1.754
58269.26153	12.0612	0.0023	1.712
58269.26200	12.0665	0.0022	1.707
58269.26248	12.0665	0.0022	1.702
58269.26295	12.0694	0.0021	1.697
58269.26343	12.0674	0.0020	1.692
58269.26390	12.0583	0.0019	1.687
58269.26437	12.0617	0.0019	1.683
58269.26485	12.0666	0.0019	1.678
58269.26532	12.0671	0.0019	1.673
58269.26580	12.0737	0.0020	1.668
58269.26971	12.0733	0.0022	1.631
58269.27019	12.0597	0.0023	1.626
58269.27066	12.0595	0.0025	1.622
58269.27113	12.0587	0.0026	1.618
58269.27161	12.0725	0.0027	1.613
58269.27208	12.0616	0.0028	1.609
58269.27256	12.0549	0.0029	1.605
58269.27303	12.0612	0.0029	1.601
58269.27351	12.0757	0.0029	1.596
58269.27399	12.0587	0.0029	1.592
58269.27788	12.0736	0.0029	1.559
58269.27836	12.0633	0.0029	1.555
58269.27883	12.0609	0.0028	1.551
58269.27931	12.0699	0.0028	1.547
58269.27978	12.0701	0.0028	1.543
58269.28025	12.0604	0.0027	1.540
58269.28074	12.0771	0.0026	1.536
58269.28122	12.0717	0.0025	1.532
58269.28169	12.0702	0.0024	1.528
58269.28216	12.0681	0.0023	1.524
58269.28606	12.0606	0.0023	1.495
58269.28654	12.0558	0.0022	1.491
58269.28701	12.0656	0.0021	1.488
58269.28749	12.0497	0.0020	1.484
58269.28796	12.0621	0.0019	1.481
58269.28844	12.0624	0.0019	1.477
58269.28891	12.0592	0.0019	1.474
58269.28939	12.0792	0.0019	1.470
58269.28986	12.0655	0.0019	1.467
58269.29034	12.0650	0.0020	1.464
58269.29425	12.0648	0.0020	1.437
58269.29473	12.0647	0.0019	1.434
58269.29521	12.0674	0.0019	1.431
58269.29568	12.0652	0.0019	1.428
58269.29616	12.0634	0.0019	1.425
58269.29663	12.0688	0.0020	1.421
58269.29711	12.0591	0.0020	1.418
58269.29758	12.0597	0.0020	1.415
58269.29806	12.0660	0.0021	1.412
58269.29853	12.0642	0.0021	1.409
58269.30243	12.0662	0.0023	1.385
58269.30291	12.0629	0.0024	1.383
58269.30338	12.0707	0.0025	1.380
58269.30385	12.0572	0.0026	1.377
58269.30433	12.0592	0.0027	1.374
58269.30481	12.0648	0.0027	1.371
58269.30529	12.0637	0.0027	1.369
58269.30576	12.0619	0.0027	1.366
58269.30624	12.0702	0.0026	1.363
58269.30671	12.0617	0.0025	1.361
58269.31061	12.0682	0.0024	1.339
58269.31108	12.0635	0.0023	1.337
58269.31155	12.0603	0.0021	1.334
58269.31203	12.0613	0.0020	1.332
58269.31251	12.0598	0.0019	1.329
58269.31299	12.0602	0.0018	1.327
58269.31346	12.0647	0.0018	1.324
58269.31394	12.0510	0.0017	1.322
58269.31441	12.0638	0.0017	1.319
58269.31490	12.0618	0.0016	1.317
58269.31881	12.0536	0.0016	1.297
58269.31928	12.0520	0.0016	1.295
58269.31976	12.0608	0.0017	1.293
58269.32023	12.0523	0.0017	1.291
58269.32071	12.0517	0.0017	1.288
58269.32118	12.0665	0.0017	1.286
58269.32166	12.0631	0.0017	1.284
58269.32213	12.0593	0.0017	1.282
58269.32260	12.0589	0.0017	1.280
58269.32309	12.0519	0.0017	1.277
58269.32698	12.0550	0.0017	1.260
58269.32745	12.0631	0.0018	1.258
58269.32793	12.0699	0.0017	1.256
58269.32840	12.0611	0.0017	1.254
58269.32887	12.0718	0.0017	1.252
58269.32934	12.0631	0.0016	1.250
58269.32981	12.0590	0.0016	1.248
58269.33030	12.0614	0.0016	1.246
58269.33076	12.0647	0.0016	1.244
58269.33124	12.0676	0.0016	1.242
58269.33514	12.0646	0.0016	1.227
58269.33561	12.0681	0.0016	1.225
58269.33609	12.0689	0.0017	1.223
58269.33656	12.0713	0.0018	1.221
58269.33705	12.0597	0.0019	1.219
58269.33752	12.0690	0.0020	1.217
58269.33800	12.0578	0.0021	1.216
58269.33847	12.0610	0.0022	1.214
58269.33895	12.0658	0.0023	1.212
58269.33942	12.0652	0.0023	1.210
58269.34332	12.0495	0.0023	1.196
58269.34380	12.0704	0.0023	1.195
58269.34427	12.0670	0.0022	1.193
58269.34475	12.0597	0.0022	1.192
58269.34522	12.0663	0.0022	1.190
58269.34569	12.0633	0.0023	1.188
58269.34617	12.0591	0.0024	1.187
58269.34664	12.0633	0.0025	1.185
58269.34712	12.0623	0.0025	1.184
58269.34759	12.0616	0.0026	1.182
58269.35149	12.0538	0.0027	1.169
58269.35197	12.0616	0.0028	1.168
58269.35245	12.0426	0.0028	1.166
58269.35293	12.0636	0.0029	1.165
58269.35339	12.0693	0.0029	1.164
58269.35388	12.0651	0.0029	1.162
58269.35435	12.0632	0.0029	1.161
58269.35483	12.0614	0.0029	1.159
58269.35530	12.0618	0.0028	1.158
58269.35578	12.0607	0.0027	1.156
58269.35968	12.0762	0.0027	1.145
58269.36015	12.0595	0.0026	1.144
58269.36063	12.0670	0.0025	1.143
58269.36110	12.0700	0.0024	1.141
58269.36157	12.0584	0.0023	1.140
58269.36205	12.0636	0.0022	1.139
58269.36252	12.0646	0.0022	1.138
58269.36300	12.0605	0.0022	1.136
58269.36347	12.0556	0.0022	1.135
58269.36395	12.0640	0.0023	1.134
58269.36785	12.0530	0.0023	1.124
58269.36832	12.0683	0.0024	1.123
58269.36880	12.0654	0.0026	1.122
58269.36928	12.0662	0.0027	1.120
58269.36976	12.0661	0.0028	1.119
58269.37023	12.0638	0.0029	1.118
58269.37071	12.0589	0.0030	1.117
58269.37118	12.0585	0.0030	1.116
58269.37167	12.0631	0.0030	1.115
58269.37214	12.0756	0.0029	1.114
58269.37603	12.0701	0.0028	1.105
58269.37652	12.0714	0.0027	1.104
58269.37699	12.0530	0.0026	1.103
58269.37745	12.0538	0.0026	1.102
58269.37793	12.0608	0.0027	1.101
58269.37839	12.0640	0.0028	1.100
58269.37887	12.0573	0.0031	1.099
58269.37934	12.0769	0.0033	1.098
58269.37981	12.0557	0.0036	1.097
58269.38029	12.0714	0.0038	1.096
58269.38419	12.0539	0.0040	1.088
58269.38466	12.0699	0.0042	1.088
58269.38514	12.0587	0.0042	1.087
58269.38561	12.0549	0.0043	1.086
58269.38609	12.0654	0.0044	1.085
58269.38657	12.0662	0.0043	1.084
58269.38705	12.0514	0.0043	1.083
58269.38752	12.0604	0.0043	1.082
58269.38800	12.0661	0.0042	1.081
58269.38847	12.0615	0.0042	1.081
58269.39287	12.0583	0.0042	1.073
58269.39334	12.0699	0.0042	1.072
58269.39382	12.0671	0.0042	1.072
58269.39429	12.0630	0.0041	1.071
58269.39478	12.0817	0.0041	1.070
58269.39525	12.0600	0.0040	1.069
58269.39573	12.0656	0.0039	1.069
58269.39620	12.0571	0.0037	1.068
58269.39668	12.0506	0.0035	1.067
58269.40057	12.0511	0.0033	1.062
58269.40104	12.0496	0.0031	1.061
58269.40152	12.0657	0.0029	1.060
58269.40200	12.0501	0.0027	1.060
58269.40248	12.0616	0.0026	1.059
58269.40295	12.0684	0.0026	1.058
58269.40343	12.0612	0.0027	1.058
58269.40390	12.0677	0.0028	1.057
58269.40437	12.0667	0.0029	1.056
58269.40485	12.0575	0.0031	1.056
58269.40876	12.0556	0.0032	1.051
58269.40922	12.0710	0.0033	1.051
58269.40970	12.0392	0.0034	1.050
58269.41019	12.0557	0.0034	1.050
58269.41066	12.0660	0.0034	1.049
58269.41113	12.0598	0.0034	1.048
58269.41160	12.0618	0.0032	1.048
58269.41207	12.0580	0.0031	1.047
58269.41255	12.0678	0.0029	1.047
58269.41303	12.0560	0.0026	1.046
58269.41693	12.0584	0.0025	1.043
58269.41741	12.0700	0.0024	1.042
58269.41788	12.0615	0.0024	1.042
58269.41836	12.0632	0.0025	1.041
58269.41884	12.0593	0.0026	1.041
58269.41932	12.0617	0.0028	1.041
58269.41979	12.0621	0.0029	1.040
58269.42027	12.0635	0.0030	1.040
58269.42074	12.0619	0.0031	1.039
58269.42122	12.0631	0.0031	1.039
58269.42513	12.0629	0.0031	1.036
58269.42559	12.0632	0.0031	1.036
58269.42608	12.0587	0.0030	1.035
58269.42655	12.0680	0.0029	1.035
58269.42703	12.0691	0.0029	1.035
58269.42750	12.0644	0.0028	1.034
58269.42796	12.0641	0.0027	1.034
58269.42844	12.0648	0.0026	1.034
58269.42892	12.0593	0.0025	1.033
58269.42940	12.0630	0.0025	1.033
58269.43330	12.0647	0.0025	1.031
58269.43377	12.0609	0.0025	1.031
58269.43425	12.0644	0.0025	1.031
58269.43472	12.0622	0.0025	1.030
58269.43520	12.0624	0.0026	1.030
58269.43567	12.0710	0.0026	1.030
58269.43616	12.0584	0.0026	1.030
58269.43663	12.0645	0.0027	1.030
58269.43711	12.0658	0.0027	1.029
58269.43758	12.0634	0.0028	1.029
58269.44148	12.0724	0.0028	1.028
58269.44197	12.0723	0.0029	1.028
58269.44244	12.0744	0.0030	1.028
58269.44292	12.0633	0.0031	1.028
58269.44340	12.0795	0.0032	1.027
58269.44388	12.0679	0.0033	1.027
58269.44435	12.0609	0.0033	1.027
58269.44483	12.0726	0.0033	1.027
58269.44530	12.0588	0.0032	1.027
58269.44578	12.0663	0.0031	1.027
58269.44968	12.0550	0.0031	1.026
58269.45015	12.0690	0.0030	1.026
58269.45063	12.0570	0.0029	1.026
58269.45111	12.0598	0.0028	1.026
58269.45157	12.0604	0.0028	1.026
58269.45206	12.0594	0.0028	1.026
58269.45252	12.0637	0.0028	1.026
58269.45300	12.0528	0.0029	1.026
58269.45347	12.0595	0.0029	1.026
58269.45395	12.0618	0.0029	1.026
58269.45785	12.0657	0.0028	1.027
58269.45832	12.0645	0.0028	1.027
