12 header lines (incl this one)
Object: KIC846 
UT Date for start of observations: 2018.05.16
Observer: B.Gary
Band: g'-band, 17 ref star calibration 
Telescope: Meade 14" LX200-GPS, Optec FR
CCD: SBIG ST-10XME
Col 1: MJD (defined = JD - 2400000.5)
Col 2: g'-mag + 0.0007 (empirical adjustment)
Col 3: SE
Col 4: air mass

58254.28782	12.0725	0.0019	1.884
58254.28830	12.0690	0.0017	1.878
58254.28877	12.0693	0.0016	1.872
58254.28924	12.0695	0.0014	1.866
58254.28971	12.0618	0.0013	1.859
58254.29368	12.0783	0.0013	1.810
58254.29416	12.0693	0.0013	1.805
58254.29463	12.0676	0.0013	1.799
58254.29512	12.0704	0.0014	1.794
58254.29559	12.0710	0.0014	1.788
58254.29606	12.0816	0.0015	1.782
58254.29654	12.0687	0.0016	1.777
58254.29701	12.0724	0.0017	1.772
58254.29749	12.0665	0.0017	1.766
58254.30149	12.0740	0.0018	1.722
58254.30197	12.0686	0.0018	1.717
58254.30243	12.0725	0.0019	1.712
58254.30291	12.0684	0.0019	1.707
58254.30338	12.0708	0.0018	1.702
58254.30385	12.0702	0.0018	1.698
58254.30433	12.0715	0.0018	1.693
58254.30480	12.0772	0.0018	1.688
58254.30527	12.0774	0.0017	1.683
58254.30876	12.0745	0.0017	1.649
58254.30924	12.0694	0.0017	1.644
58254.30970	12.0719	0.0017	1.640
58254.31017	12.0658	0.0017	1.635
58254.31065	12.0563	0.0017	1.631
58254.31112	12.0728	0.0018	1.627
58254.31160	12.0679	0.0018	1.622
58254.31207	12.0818	0.0019	1.618
58254.31255	12.0620	0.0019	1.614
58254.31302	12.0733	0.0019	1.609
58254.31650	12.0741	0.0018	1.579
58254.31697	12.0745	0.0018	1.575
58254.31745	12.0725	0.0017	1.571
58254.31793	12.0700	0.0016	1.567
58254.31840	12.0754	0.0015	1.563
58254.31889	12.0709	0.0014	1.559
58254.31936	12.0664	0.0013	1.555
58254.31985	12.0723	0.0012	1.551
58254.32032	12.0687	0.0012	1.547
58254.32080	12.0665	0.0012	1.543
58254.32428	12.0758	0.0012	1.515
58254.32475	12.0713	0.0013	1.512
58254.32522	12.0690	0.0014	1.508
58254.32569	12.0749	0.0015	1.505
58254.32617	12.0601	0.0016	1.501
58254.32664	12.0742	0.0017	1.497
58254.32712	12.0736	0.0017	1.494
58254.32759	12.0794	0.0018	1.490
58254.32807	12.0780	0.0018	1.487
58254.32854	12.0678	0.0018	1.483
58254.33205	12.0770	0.0018	1.459
58254.33252	12.0707	0.0017	1.455
58254.33299	12.0726	0.0017	1.452
58254.33346	12.0760	0.0016	1.449
58254.33395	12.0782	0.0016	1.446
58254.33442	12.0806	0.0015	1.442
58254.33490	12.0778	0.0015	1.439
58254.33537	12.0730	0.0014	1.436
58254.33584	12.0759	0.0013	1.433
58254.33631	12.0716	0.0013	1.430
58254.34025	12.0605	0.0012	1.405
58254.34073	12.0656	0.0012	1.402
58254.34120	12.0727	0.0011	1.399
58254.34168	12.0797	0.0011	1.396
58254.34214	12.0774	0.0011	1.393
58254.34262	12.0630	0.0010	1.390
58254.34309	12.0816	0.0010	1.387
58254.34356	12.0889	0.0009	1.384
58254.34405	12.0781	0.0009	1.382
58254.34752	12.0734	0.0009	1.361
58254.34799	12.0740	0.0009	1.359
58254.34847	12.0722	0.0008	1.356
58254.34894	12.0675	0.0008	1.354
58254.34941	12.0793	0.0008	1.351
58254.34988	12.0817	0.0008	1.348
58254.35037	12.0620	0.0009	1.346
58254.35084	12.0628	0.0009	1.343
58254.35132	12.0803	0.0009	1.340
58254.35181	12.0720	0.0009	1.338
58254.35529	12.0712	0.0010	1.320
58254.35576	12.0740	0.0010	1.317
58254.35624	12.0710	0.0010	1.315
58254.35671	12.0707	0.0010	1.312
58254.35719	12.0633	0.0011	1.310
58254.35766	12.0740	0.0011	1.308
58254.35812	12.0784	0.0011	1.305
58254.35860	12.0747	0.0012	1.303
58254.35907	12.0690	0.0013	1.301
58254.35954	12.0750	0.0013	1.299
58254.36303	12.0777	0.0014	1.282
58254.36351	12.0745	0.0014	1.280
58254.36398	12.0732	0.0014	1.278
58254.36446	12.0758	0.0014	1.276
58254.36493	12.0734	0.0014	1.273
58254.36541	12.0702	0.0014	1.271
58254.36588	12.0724	0.0014	1.269
58254.36635	12.0717	0.0014	1.267
58254.36682	12.0677	0.0014	1.265
58254.36729	12.0751	0.0015	1.263
58254.37078	12.0581	0.0015	1.248
58254.37125	12.0733	0.0015	1.246
58254.37174	12.0756	0.0015	1.244
58254.37221	12.0734	0.0016	1.242
58254.37269	12.0713	0.0016	1.240
58254.37316	12.0706	0.0017	1.238
58254.37363	12.0785	0.0017	1.236
58254.37411	12.0749	0.0017	1.234
58254.37459	12.0784	0.0017	1.232
58254.37508	12.0709	0.0018	1.231
58254.37856	12.0798	0.0018	1.217
58254.37904	12.0739	0.0017	1.215
58254.37951	12.0660	0.0017	1.214
58254.37998	12.0722	0.0017	1.212
58254.38045	12.0694	0.0017	1.210
58254.38093	12.0755	0.0017	1.208
58254.38141	12.0725	0.0017	1.207
58254.38189	12.0711	0.0016	1.205
58254.38236	12.0691	0.0016	1.203
58254.38284	12.0699	0.0016	1.202
58254.38633	12.0732	0.0016	1.189
58254.38681	12.0693	0.0015	1.188
58254.38728	12.0695	0.0015	1.186
58254.38775	12.0740	0.0015	1.185
58254.38823	12.0716	0.0014	1.183
58254.38870	12.0718	0.0014	1.181
58254.38918	12.0705	0.0013	1.180
58254.38965	12.0682	0.0013	1.178
58254.39013	12.0713	0.0012	1.177
58254.39061	12.0738	0.0011	1.175
58254.39410	12.0829	0.0010	1.164
58254.39457	12.0595	0.0009	1.163
58254.39505	12.0696	0.0008	1.162
58254.39552	12.0674	0.0008	1.160
58254.39601	12.0701	0.0008	1.159
58254.39648	12.0674	0.0007	1.157
58254.39696	12.0710	0.0007	1.156
58254.39743	12.0693	0.0008	1.154
58254.39791	12.0656	0.0008	1.153
58254.39839	12.0700	0.0009	1.152
58254.40189	12.0771	0.0010	1.142
58254.40235	12.0731	0.0011	1.141
58254.40284	12.0674	0.0012	1.139
58254.40332	12.0658	0.0013	1.138
58254.40380	12.0667	0.0013	1.137
58254.40427	12.0767	0.0014	1.135
58254.40475	12.0739	0.0014	1.134
58254.40521	12.0748	0.0014	1.133
58254.40568	12.0719	0.0014	1.132
58254.40616	12.0720	0.0013	1.131
58254.41013	12.0685	0.0013	1.121
58254.41060	12.0732	0.0012	1.120
58254.41108	12.0711	0.0011	1.118
58254.41155	12.0670	0.0011	1.117
58254.41203	12.0692	0.0010	1.116
58254.41250	12.0655	0.0010	1.115
58254.41297	12.0742	0.0010	1.114
58254.41344	12.0633	0.0011	1.113
58254.41391	12.0792	0.0012	1.112
58254.41788	12.0690	0.0012	1.103
58254.41836	12.0711	0.0013	1.102
58254.41884	12.0692	0.0014	1.101
58254.41933	12.0744	0.0014	1.100
58254.41980	12.0685	0.0014	1.099
58254.42028	12.0721	0.0014	1.098
58254.42076	12.0738	0.0014	1.097
58254.42125	12.0706	0.0013	1.096
58254.42172	12.0683	0.0013	1.095
58254.42521	12.0680	0.0012	1.088
58254.42567	12.0719	0.0011	1.087
58254.42616	12.0699	0.0011	1.086
58254.42663	12.0738	0.0010	1.086
58254.42709	12.0709	0.0010	1.085
58254.42758	12.0705	0.0010	1.084
58254.42806	12.0734	0.0010	1.083
58254.42853	12.0743	0.0010	1.082
58254.42900	12.0694	0.0010	1.081
58254.42947	12.0746	0.0010	1.081
58254.43295	12.0766	0.0010	1.075
58254.43343	12.0666	0.0010	1.074
58254.43390	12.0755	0.0010	1.073
58254.43438	12.0732	0.0011	1.072
58254.43484	12.0712	0.0011	1.072
58254.43531	12.0722	0.0011	1.071
58254.43579	12.0667	0.0011	1.070
58254.43626	12.0759	0.0011	1.069
58254.43674	12.0634	0.0012	1.069
58254.43721	12.0706	0.0012	1.068
58254.44068	12.0745	0.0012	1.063
58254.44116	12.0752	0.0012	1.062
58254.44163	12.0743	0.0012	1.061
58254.44211	12.0699	0.0012	1.061
58254.44258	12.0716	0.0013	1.060
58254.44306	12.0750	0.0013	1.059
58254.44352	12.0766	0.0014	1.059
58254.44399	12.0665	0.0014	1.058
58254.44447	12.0721	0.0015	1.058
58254.44494	12.0726	0.0015	1.057
58254.44889	12.0654	0.0016	1.052
58254.44937	12.0788	0.0016	1.052
58254.44985	12.0676	0.0016	1.051
58254.45032	12.0696	0.0016	1.050
58254.45080	12.0713	0.0015	1.050
58254.45127	12.0682	0.0015	1.049
58254.45175	12.0670	0.0015	1.049
58254.45222	12.0704	0.0014	1.048
58254.45271	12.0681	0.0014	1.048
58254.45668	12.0761	0.0014	1.044
58254.45715	12.0774	0.0014	1.043
58254.45763	12.0721	0.0014	1.043
58254.45809	12.0663	0.0014	1.042
58254.45856	12.0737	0.0014	1.042
58254.45904	12.0647	0.0015	1.042
58254.45951	12.0718	0.0015	1.041
58254.45999	12.0697	0.0015	1.041
58254.46046	12.0639	0.0015	1.040
58254.46394	12.0702	0.0015	1.038
58254.46441	12.0709	0.0015	1.037
58254.46488	12.0747	0.0016	1.037
58254.46536	12.0712	0.0016	1.036
58254.46584	12.0678	0.0017	1.036
58254.46634	12.0711	0.0017	1.036
58254.46682	12.0769	0.0018	1.035
58254.46729	12.0701	0.0019	1.035
58254.46777	12.0668	0.0020	1.035
58254.46824	12.0687	0.0020	1.034
58254.47172	12.0685	0.0021	1.032
58254.47221	12.0689	0.0022	1.032
58254.47269	12.0707	0.0022	1.032
58254.47316	12.0645	0.0022	1.032
58254.47363	12.0666	0.0022	1.031
58254.47411	12.0742	0.0022	1.031
58254.47457	12.0682	0.0022	1.031
58254.47506	12.0718	0.0022	1.031
58254.47553	12.0742	0.0021	1.030
58254.47601	12.0672	0.0021	1.030
58254.47950	12.0684	0.0021	1.029
58254.47998	12.0691	0.0021	1.029
58254.48045	12.0727	0.0021	1.028
58254.48093	12.0725	0.0022	1.028
58254.48140	12.0691	0.0022	1.028
58254.48188	12.0700	0.0022	1.028
58254.48235	12.0712	0.0022	1.028
58254.48282	12.0651	0.0021	1.028
58254.48330	12.0734	0.0020	1.028
58254.48377	12.0644	0.0045	1.028
