12 header lines (incl this one)
Object: KIC846
UT Date for start of observations: 2017.06.28
Observer: B.Gary
Band: V-band
Telescope: Meade 14" LX200-GPS
CCD: SBIG ST-10XME
Col 1: MJD
Col 2: V-mag
Col 3: SE
Col 4: air mass

57932.18924	11.9123	0.0021	1.663
57932.18971	11.9098	0.0021	1.658
57932.19020	11.9133	0.0021	1.654
57932.19067	11.9128	0.0016	1.649
57932.19116	11.9169	0.0017	1.644
57932.19163	11.9211	0.0019	1.640
57932.19211	11.9206	0.0020	1.635
57932.19258	11.9068	0.0021	1.631
57932.19306	11.8975	0.0021	1.627
57932.19354	11.9176	0.0022	1.622
57932.19402	11.9092	0.0022	1.618
57932.19450	11.9244	0.0022	1.613
57932.19498	11.9105	0.0021	1.609
57932.19545	11.9115	0.0021	1.605
57932.19593	11.9190	0.0020	1.601
57932.19640	11.9096	0.0019	1.596
57932.19687	11.9242	0.0019	1.592
57932.19735	11.9151	0.0018	1.588
57932.19784	11.9052	0.0017	1.584
57932.19831	11.9054	0.0016	1.580
57932.19880	11.9239	0.0016	1.576
57932.19927	11.9173	0.0016	1.572
57932.19975	11.9131	0.0017	1.567
57932.20023	11.9068	0.0018	1.563
57932.20071	11.9224	0.0019	1.559
57932.20118	11.9207	0.0021	1.556
57932.20166	11.9195	0.0022	1.552
57932.20214	11.9225	0.0023	1.548
57932.20262	11.9077	0.0024	1.544
57932.20309	11.9246	0.0025	1.540
57932.20356	11.9197	0.0025	1.536
57932.20404	11.9030	0.0025	1.532
57932.20453	11.9273	0.0024	1.529
57932.20500	11.9162	0.0023	1.525
57932.20549	11.9161	0.0022	1.521
57932.20596	11.9103	0.0021	1.517
57932.20645	11.9131	0.0020	1.514
57932.20692	11.9181	0.0019	1.510
57932.20740	11.9150	0.0018	1.506
57932.20788	11.9086	0.0017	1.503
57932.20836	11.9073	0.0017	1.499
57932.20883	11.9106	0.0017	1.496
57932.20931	11.9147	0.0018	1.492
57932.20978	11.9094	0.0018	1.488
57932.21025	11.9096	0.0019	1.485
57932.21074	11.9169	0.0020	1.481
57932.21120	11.9190	0.0021	1.478
57932.21169	11.9193	0.0022	1.475
57932.21216	11.9172	0.0022	1.471
57932.21264	11.9144	0.0022	1.468
57932.21312	11.9112	0.0023	1.464
57932.21360	11.9225	0.0023	1.461
57932.21407	11.9132	0.0023	1.458
57932.21456	11.9167	0.0023	1.454
57932.21503	11.9134	0.0022	1.451
57932.21551	11.9156	0.0022	1.448
57932.21598	11.9062	0.0022	1.445
57932.21647	11.9138	0.0021	1.442
57932.21694	11.9159	0.0021	1.438
57932.21742	11.9011	0.0020	1.435
57932.21789	11.9119	0.0019	1.432
57932.21837	11.9110	0.0019	1.429
57932.21885	11.9207	0.0018	1.426
57932.21933	11.9075	0.0018	1.423
57932.21981	11.9094	0.0017	1.420
57932.22028	11.9083	0.0017	1.417
57932.22075	11.9107	0.0016	1.414
57932.22123	11.9163	0.0016	1.411
57932.22171	11.9068	0.0016	1.408
57932.22219	11.9183	0.0015	1.405
57932.22266	11.9185	0.0015	1.402
57932.22315	11.9143	0.0015	1.399
57932.22362	11.9187	0.0015	1.396
57932.22411	11.9161	0.0016	1.393
57932.22458	11.9032	0.0016	1.390
57932.22506	11.9137	0.0017	1.387
57932.22554	11.9122	0.0017	1.384
57932.22601	11.9182	0.0018	1.381
57932.22649	11.9129	0.0019	1.378
57932.22697	11.9129	0.0021	1.376
57932.22744	11.9219	0.0022	1.373
57932.22791	11.9110	0.0024	1.370
57932.22838	11.9186	0.0025	1.368
57932.22885	11.9152	0.0026	1.365
57932.22934	11.9158	0.0026	1.362
57932.22981	11.9144	0.0027	1.359
57932.23029	11.9119	0.0027	1.357
57932.23076	11.9174	0.0027	1.354
57932.23124	11.9068	0.0027	1.351
57932.23171	11.9057	0.0026	1.349
57932.23220	11.9238	0.0025	1.346
57932.23267	11.9077	0.0025	1.344
57932.23316	11.9079	0.0024	1.341
57932.23362	11.9202	0.0024	1.338
57932.23411	11.9068	0.0023	1.336
57932.23458	11.9070	0.0023	1.333
57932.23507	11.9180	0.0023	1.331
57932.23554	11.9105	0.0023	1.328
57932.23603	11.9076	0.0023	1.326
57932.23650	11.9132	0.0023	1.323
57932.23699	11.9063	0.0022	1.321
57932.23747	11.9173	0.0022	1.318
57932.23794	11.9162	0.0021	1.316
57932.23841	11.9135	0.0020	1.314
57932.23889	11.9273	0.0019	1.311
57932.23936	11.9194	0.0018	1.309
57932.23985	11.9172	0.0016	1.306
57932.24032	11.9223	0.0015	1.304
57932.25973	11.9118	0.0015	1.220
57932.26022	11.9207	0.0015	1.218
57932.26069	11.9123	0.0016	1.216
57932.26118	11.9163	0.0017	1.215
57932.26166	11.9113	0.0018	1.213
57932.26213	11.9112	0.0019	1.211
57932.26262	11.9107	0.0020	1.209
57932.26310	.	0.0021	1.207
57932.26358	.	0.0022	1.206
57932.26405	11.9197	0.0023	1.204
57932.26451	11.9226	0.0023	1.202
57932.26499	11.9174	0.0023	1.201
57932.26547	11.9208	0.0022	1.199
57932.26596	11.9185	0.0022	1.197
57932.26644	11.9193	0.0021	1.196
57932.26692	11.9136	0.0021	1.194
57932.26740	11.9197	0.0020	1.192
57932.26787	11.9241	0.0020	1.191
57932.26836	11.9110	0.0020	1.189
57932.26884	.	0.0019	1.187
57932.26932	11.9167	0.0019	1.186
57932.26979	11.9216	0.0020	1.184
57932.27027	11.9145	0.0020	1.183
57932.27075	11.9144	0.0020	1.181
57932.27123	11.9156	0.0019	1.180
57932.27170	11.9116	0.0019	1.178
57932.27219	11.9197	0.0018	1.176
57932.27266	11.9161	0.0018	1.175
57932.27315	11.9178	0.0018	1.173
57932.27411	11.9202	0.0019	1.170
57932.27458	11.9110	0.0019	1.169
57932.27506	11.9049	0.0019	1.167
57932.27553	11.9068	0.0020	1.166
57932.27602	11.9154	0.0020	1.164
57932.27650	11.9108	0.0021	1.163
57932.27698	11.9005	0.0022	1.161
57932.27745	11.9079	0.0022	1.160
57932.27793	11.9159	0.0022	1.159
57932.27840	11.9179	0.0022	1.157
57932.27889	11.9140	0.0021	1.156
57932.27937	11.9187	0.0021	1.154
57932.27985	11.9165	0.0021	1.153
57932.28034	11.9187	0.0021	1.152
57932.28081	11.9156	0.0020	1.150
57932.28130	11.9124	0.0020	1.149
57932.28177	11.9181	0.0019	1.148
57932.28226	11.9141	0.0018	1.146
57932.28273	11.9133	0.0017	1.145
57932.28321	11.9175	0.0016	1.144
57932.28368	11.9128	0.0015	1.142
57932.28416	11.9138	0.0015	1.141
57932.28464	11.9122	0.0014	1.140
57932.28512	11.9114	0.0015	1.138
57932.28560	11.9109	0.0015	1.137
57932.28609	11.9105	0.0016	1.136
57932.28656	11.9114	0.0017	1.135
57932.28704	11.9197	0.0018	1.133
57932.28752	11.9111	0.0018	1.132
57932.28801	11.9126	0.0019	1.131
57932.28848	11.9216	0.0020	1.130
57932.28896	11.9127	0.0020	1.128
57932.28943	11.9143	0.0021	1.127
57932.28992	11.9140	0.0021	1.126
57932.29039	11.9113	0.0021	1.125
57932.29088	11.9111	0.0021	1.124
57932.29135	11.9194	0.0021	1.122
57932.29184	11.9183	0.0021	1.121
57932.29231	11.9219	0.0020	1.120
57932.29279	11.9163	0.0020	1.119
57932.29328	11.9139	0.0020	1.118
57932.29375	11.9117	0.0019	1.117
57932.29424	11.9196	0.0018	1.116
57932.29471	11.9133	0.0018	1.114
57932.29520	11.9143	0.0017	1.113
57932.29567	11.9215	0.0017	1.112
57932.29616	11.9141	0.0016	1.111
57932.29663	11.9120	0.0016	1.110
57932.29712	11.9115	0.0016	1.109
57932.29759	11.9220	0.0016	1.108
57932.29807	11.9131	0.0016	1.107
57932.29855	11.9129	0.0016	1.106
57932.29904	11.9207	0.0016	1.105
57932.29951	11.9149	0.0017	1.104
57932.29999	11.9107	0.0017	1.103
57932.30047	11.9148	0.0018	1.102
57932.30095	11.9138	0.0018	1.101
57932.30144	11.9152	0.0019	1.100
57932.30191	11.9086	0.0019	1.099
57932.30240	11.9144	0.0019	1.098
57932.30288	11.9152	0.0019	1.097
57932.30337	11.9197	0.0019	1.096
57932.30384	11.9051	0.0019	1.095
57932.30432	11.9074	0.0019	1.094
57932.30480	11.9110	0.0018	1.093
57932.30529	11.9196	0.0018	1.092
57932.30576	11.9111	0.0017	1.091
57932.30625	11.9231	0.0017	1.090
57932.30672	11.9099	0.0017	1.089
57932.30721	11.9159	0.0017	1.088
57932.30770	11.9120	0.0017	1.087
57932.30817	11.9046	0.0017	1.086
57932.30866	11.9211	0.0017	1.085
57932.30913	11.9104	0.0017	1.085
57932.30962	11.9125	0.0018	1.084
57932.31010	11.9117	0.0018	1.083
57932.31058	11.9168	0.0018	1.082
57932.31106	11.9121	0.0019	1.081
57932.31154	11.9206	0.0019	1.080
57932.31203	11.9081	0.0020	1.079
57932.31251	11.9111	0.0021	1.079
57932.31299	11.9122	0.0021	1.078
57932.31346	11.9112	0.0021	1.077
57932.31395	11.9151	0.0020	1.076
57932.31442	11.9240	0.0019	1.075
57932.31491	11.9135	0.0018	1.075
57932.31539	11.9162	0.0017	1.074
57932.31587	11.9131	0.0015	1.073
57932.31635	11.9152	0.0014	1.072
57932.31683	11.9154	0.0013	1.071
57932.31730	11.9088	0.0012	1.071
57932.31779	11.9063	0.0013	1.070
57932.31826	11.9087	0.0013	1.069
57932.31874	11.9014	0.0015	1.068
57932.31922	11.9197	0.0016	1.068
57932.31971	11.9201	0.0017	1.067
57932.32019	11.9094	0.0018	1.066
57932.32067	11.9150	0.0018	1.066
57932.32115	11.9156	0.0019	1.065
57932.32163	11.9137	0.0019	1.064
57932.32211	11.9192	0.0019	1.063
57932.32259	11.9075	0.0019	1.063
57932.32307	11.9137	0.0019	1.062
57932.32355	11.9173	0.0019	1.061
57932.32404	11.9190	0.0018	1.061
57932.32451	11.9127	0.0018	1.060
57932.32500	11.9192	0.0017	1.059
57932.32547	11.9116	0.0017	1.059
57932.32596	11.9017	0.0017	1.058
57932.32645	11.9086	0.0017	1.058
57932.32740	11.9164	0.0016	1.056
57932.32788	11.9082	0.0016	1.056
57932.32836	11.9099	0.0016	1.055
57932.32884	11.9038	0.0015	1.054
57932.32933	11.9202	0.0015	1.054
57932.32979	11.9083	0.0015	1.053
57932.33028	11.9185	0.0015	1.053
57932.33075	11.9163	0.0015	1.052
57932.33124	11.9097	0.0015	1.052
57932.33172	11.9041	0.0016	1.051
57932.33220	11.9205	0.0016	1.051
57932.33269	11.9195	0.0018	1.050
57932.33316	11.9066	0.0019	1.049
57932.33365	11.9129	0.0020	1.049
57932.33413	11.9091	0.0021	1.048
57932.33461	11.9199	0.0022	1.048
57932.33509	11.9235	0.0023	1.047
57932.33557	11.9136	0.0023	1.047
57932.33605	11.9163	0.0024	1.046
57932.33653	11.9137	0.0025	1.046
57932.33701	11.9210	0.0025	1.045
57932.33750	11.9076	0.0026	1.045
57932.33797	11.9131	0.0027	1.044
57932.33846	11.9164	0.0028	1.044
57932.33894	11.9098	0.0028	1.043
57932.33942	11.9065	0.0029	1.043
57932.33990	11.9153	0.0029	1.043
57932.34038	11.9111	0.0030	1.042
57932.34087	11.9167	0.0030	1.042
57932.34134	11.9086	0.0030	1.041
57932.34183	11.9097	0.0029	1.041
57932.34230	11.9177	0.0028	1.040
57932.34279	11.9248	0.0028	1.040
57932.34325	11.9219	0.0027	1.040
57932.34374	11.9150	0.0026	1.039
57932.34421	11.9172	0.0024	1.039
57932.34470	11.9151	0.0023	1.038
57932.34517	11.9170	0.0022	1.038
57932.34566	11.9148	0.0021	1.038
57932.34613	11.9150	0.0020	1.037
57932.34662	11.9105	0.0019	1.037
57932.34711	11.9133	0.0018	1.037
57932.34758	11.9107	0.0017	1.036
57932.34807	11.9239	0.0016	1.036
57932.34854	11.9127	0.0016	1.036
57932.34903	11.9135	0.0016	1.035
57932.34951	11.9112	0.0017	1.035
57932.34999	11.9043	0.0019	1.035
57932.35047	11.9072	0.0020	1.034
57932.35095	11.9178	0.0021	1.034
57932.35144	11.9339	0.0022	1.034
57932.35191	11.9256	0.0023	1.033
57932.35240	11.9166	0.0023	1.033
57932.35288	11.9194	0.0024	1.033
57932.35336	11.9225	0.0023	1.033
57932.35384	11.9144	0.0023	1.032
57932.35433	11.9095	0.0023	1.032
57932.35480	11.9166	0.0023	1.032
57932.35529	11.9024	0.0023	1.031
57932.35576	11.9086	0.0023	1.031
57932.35625	11.9150	0.0023	1.031
57932.35672	11.9017	0.0024	1.031
57932.35720	11.8923	0.0025	1.031
57932.35769	11.9155	0.0026	1.030
57932.35816	11.9187	0.0028	1.030
57932.35865	11.9123	0.0029	1.030
57932.35912	11.9131	0.0030	1.030
57932.35961	11.9112	0.0030	1.030
57932.36009	11.9194	0.0030	1.029
57932.36057	11.9078	0.0029	1.029
57932.36104	11.9188	0.0028	1.029
57932.36153	11.9167	0.0027	1.029
57932.36200	11.9218	0.0026	1.029
57932.36249	11.9111	0.0024	1.028
57932.36296	11.9205	0.0022	1.028
57932.36345	11.9054	0.0021	1.028
57932.36631	11.9025	0.0020	1.027
57932.36678	11.9009	0.0020	1.027
57932.36726	11.9175	0.0021	1.027
57932.36774	11.8880	0.0022	1.027
57932.36823	11.9089	0.0023	1.027
57932.36870	11.9133	0.0024	1.027
57932.36919	11.9032	0.0026	1.027
57932.36966	11.9046	0.0027	1.027
57932.37015	11.9239	0.0028	1.027
57932.37062	11.9111	0.0029	1.027
57932.37111	11.9242	0.0029	1.027
57932.37159	11.9128	0.0029	1.027
57932.37207	11.9085	0.0029	1.026
57932.37255	11.9087	0.0029	1.026
57932.37303	11.9175	0.0029	1.026
57932.37351	11.9197	0.0029	1.026
57932.37398	11.9291	0.0029	1.026
57932.37447	11.9167	0.0029	1.026
57932.37494	11.9129	0.0028	1.026
57932.37543	11.9142	0.0027	1.026
57932.37590	11.9192	0.0026	1.026
57932.37639	11.9137	0.0025	1.026
57932.37686	11.9165	0.0024	1.026
57932.37735	11.9010	0.0022	1.026
57932.37782	11.9078	0.0021	1.026
57932.37831	11.9141	0.0020	1.026
57932.37878	11.9087	0.0019	1.026
57932.37927	11.9067	0.0018	1.027
57932.37975	11.9116	0.0018	1.027
57932.38023	11.9183	0.0018	1.027
57932.38071	11.9122	0.0018	1.027
57932.38119	11.9118	0.0017	1.027
57932.38167	11.9152	0.0017	1.027
57932.38215	11.9139	0.0017	1.027
57932.38264	11.9109	0.0017	1.027
57932.38311	11.9079	0.0017	1.027
57932.38360	11.9097	0.0017	1.027
57932.38407	11.9133	0.0017	1.027
57932.38456	11.9086	0.0018	1.027
57932.38503	11.9058	0.0018	1.028
57932.38552	11.9122	0.0019	1.028
57932.38600	11.9210	0.0020	1.028
57932.38647	11.9047	0.0020	1.028
57932.38694	11.9160	0.0020	1.028
57932.38743	11.9131	0.0020	1.028
57932.38791	11.9174	0.0019	1.028
57932.38838	11.9181	0.0019	1.028
57932.38887	11.9165	0.0018	1.029
57932.38934	11.9205	0.0017	1.029
57932.38983	11.9164	0.0016	1.029
57932.39030	11.9187	0.0015	1.029
57932.39079	11.9108	0.0014	1.029
57932.39126	11.9193	0.0014	1.030
57932.39174	11.9178	0.0015	1.030
57932.39222	11.9098	0.0015	1.030
57932.39271	11.9194	0.0016	1.030
57932.39318	11.9172	0.0017	1.030
57932.39367	11.9097	0.0018	1.031
57932.39414	11.9254	0.0018	1.031
57932.39462	11.9089	0.0019	1.031
57932.39510	11.9113	0.0020	1.031
57932.39558	11.9168	0.0021	1.032
57932.39606	11.9082	0.0022	1.032
57932.39654	11.9152	0.0023	1.032
57932.39703	11.9184	0.0024	1.032
57932.39750	11.9060	0.0025	1.033
57932.39799	11.9095	0.0026	1.033
57932.39846	11.9131	0.0027	1.033
57932.39895	11.9137	0.0028	1.033
57932.39942	11.9058	0.0028	1.034
57932.39991	11.9113	0.0029	1.034
57932.40038	11.9064	0.0029	1.034
57932.40087	11.9225	0.0029	1.035
57932.40135	11.9217	0.0028	1.035
57932.40183	11.9010	0.0027	1.035
57932.40231	11.9147	0.0027	1.036
57932.40279	11.9110	0.0025	1.036
57932.40326	11.9236	0.0024	1.036
57932.40375	11.9170	0.0022	1.037
57932.40422	11.9110	0.0021	1.037
57932.40471	11.9151	0.0020	1.037
57932.40519	11.9149	0.0019	1.038
57932.40566	11.9123	0.0018	1.038
57932.40615	11.9137	0.0017	1.038
57932.40662	11.9210	0.0016	1.039
57932.40711	11.9120	0.0016	1.039
57932.40758	11.9141	0.0015	1.040
57932.40806	11.9101	0.0015	1.040
57932.40854	11.9103	0.0014	1.040
57932.40902	11.9148	0.0014	1.041
57932.40950	11.9098	0.0014	1.041
57932.40998	11.9245	0.0014	1.042
57932.41046	11.9166	0.0014	1.042
57932.41094	11.9185	0.0014	1.043
57932.41142	11.9051	0.0015	1.043
57932.41190	11.9256	0.0016	1.043
57932.41238	11.9175	0.0017	1.044
57932.41286	11.9127	0.0018	1.044
57932.41334	11.9114	0.0019	1.045
57932.41383	11.9106	0.0019	1.045
57932.41431	11.9143	0.0019	1.046
57932.41478	11.9048	0.0019	1.046
57932.41527	11.9045	0.0019	1.047
57932.41575	11.9148	0.0018	1.047
57932.41623	11.9171	0.0018	1.048
57932.41671	11.9178	0.0017	1.048
57932.41719	11.9137	0.0017	1.049
57932.41767	11.9180	0.0016	1.049
57932.41816	11.9196	0.0016	1.050
57932.41863	11.9112	0.0017	1.051
57932.41911	11.9242	0.0017	1.051
57932.41959	11.9130	0.0018	1.052
57932.42007	11.9083	0.0018	1.052
57932.42056	11.9030	0.0019	1.053
57932.42104	11.9119	0.0019	1.053
57932.42152	11.9123	0.0019	1.054
57932.42199	11.9183	0.0019	1.054
57932.42247	11.9143	0.0019	1.055
57932.42295	11.9116	0.0019	1.056
57932.42344	11.9089	0.0018	1.056
57932.42391	11.9189	0.0018	1.057
57932.42440	11.9106	0.0018	1.058
57932.42487	11.9181	0.0017	1.058
57932.42536	11.9099	0.0017	1.059
57932.42583	11.9065	0.0017	1.059
57932.42632	11.9031	0.0016	1.060
57932.42681	11.9188	0.0015	1.061
57932.42728	11.9133	0.0015	1.061
57932.42777	11.9065	0.0014	1.062
57932.42824	11.9202	0.0013	1.063
57932.42873	11.9076	0.0012	1.063
57932.42920	11.9148	0.0012	1.064
57932.42968	11.9180	0.0011	1.065
57932.43016	11.9095	0.0011	1.066
57932.43064	11.9094	0.0011	1.066
57932.43111	11.9175	0.0011	1.067
57932.43159	11.9171	0.0012	1.068
57932.43207	11.9233	0.0013	1.068
57932.43255	11.9088	0.0014	1.069
57932.43303	11.9257	0.0015	1.070
57932.43351	11.9145	0.0015	1.071
57932.43399	11.9123	0.0016	1.071
57932.43447	11.9110	0.0017	1.072
57932.43495	11.9132	0.0017	1.073
57932.43543	11.9166	0.0018	1.074
57932.43590	11.9209	0.0019	1.075
57932.43639	11.9173	0.0020	1.075
57932.43686	11.9108	0.0021	1.076
57932.43735	11.9076	0.0023	1.077
57932.43784	11.9116	0.0024	1.078
57932.43831	11.9122	0.0025	1.079
57932.43878	11.9098	0.0025	1.079
57932.43927	11.9164	0.0026	1.080
57932.43975	11.9090	0.0026	1.081
57932.44023	11.9209	0.0025	1.082
57932.44071	11.9018	0.0025	1.083
57932.44118	11.9057	0.0023	1.084
57932.44167	11.9132	0.0022	1.085
57932.44214	11.9161	0.0021	1.085
57932.44263	11.9122	0.0019	1.086
57932.44311	11.9114	0.0018	1.087
57932.44359	11.9170	0.0018	1.088
57932.44407	11.9149	0.0018	1.089
57932.44455	11.9141	0.0018	1.090
57932.44502	11.9158	0.0018	1.091
57932.44551	11.9089	0.0018	1.092
57932.44598	11.9160	0.0019	1.093
57932.44647	11.9154	0.0019	1.094
57932.44694	11.9100	0.0019	1.095
57932.44743	11.9105	0.0019	1.096
57932.44791	11.9097	0.0019	1.097
57932.44838	11.9133	0.0019	1.098
57932.44887	11.9111	0.0020	1.099
57932.44934	11.9078	0.0020	1.100
57932.44981	11.9097	0.0021	1.101
57932.45030	11.9074	0.0022	1.102
57932.45078	11.9102	0.0023	1.103
57932.45125	11.9063	0.0023	1.104
57932.45174	11.9108	0.0023	1.105
57932.45221	11.9189	0.0022	1.106
57932.45270	11.9136	0.0022	1.107
57932.45317	11.9145	0.0020	1.108
57932.45366	11.9196	0.0019	1.109
57932.45413	11.9048	0.0017	1.110
57932.45462	11.9097	0.0015	1.111
57932.45509	11.9239	0.0013	1.112
57932.45558	11.9085	0.0013	1.113
57932.45606	11.9154	0.0013	1.114
57932.45655	11.9155	0.0014	1.115
57932.45703	11.9042	0.0016	1.117
57932.45750	11.9139	0.0017	1.118
57932.45799	11.9174	0.0019	1.119
57932.45846	11.9193	0.0020	1.120
57932.45894	11.9134	0.0021	1.121
57932.45942	11.9094	0.0022	1.122
57932.45991	11.9115	0.0023	1.123
57932.46038	11.9232	0.0023	1.125
57932.46086	11.9072	0.0023	1.126
57932.46134	11.9102	0.0024	1.127
57932.46183	11.9055	0.0024	1.128
57932.46229	11.9139	0.0023	1.129
57932.46277	11.9086	0.0023	1.131
57932.46325	11.9167	0.0023	1.132
57932.46373	11.9174	0.0022	1.133
57932.46421	11.9074	0.0021	1.134
57932.46470	11.9012	0.0020	1.136
57932.46517	11.9281	0.0019	1.137
57932.46565	11.9032	0.0018	1.138
57932.46612	11.9121	0.0018	1.139
57932.46660	11.9075	0.0018	1.141
57932.46708	11.9149	0.0019	1.142
57932.46757	11.9025	0.0021	1.143
57932.46804	11.9152	0.0023	1.145
57932.46853	11.9179	0.0026	1.146
57932.46900	11.9130	0.0028	1.147
57932.46949	11.9187	0.0031	1.149
57932.46997	11.9219	0.0033	1.150
57932.47045	11.9177	0.0035	1.152
57932.47094	11.9211	0.0036	1.153
57932.47141	11.8998	0.0036	1.154
57932.47189	11.9124	0.0035	1.156
57932.47236	11.9132	0.0059	1.157
