12 header lines (incl this one)
Object: KIC846
UT Date for start of observations: 2017.07.02
Observer: B.Gary
Band: V-band
Telescope: Meade 14" LX200-GPS
CCD: SBIG ST-10XME
Col 1: MJD
Col 2: V-mag
Col 3: SE
Col 4: air mass

57936.14345	11.9315	0.0031	2.113
57936.14394	11.9109	0.0031	2.104
57936.14441	11.9155	0.0032	2.097
57936.14490	11.9012	0.0031	2.089
57936.14537	11.9180	0.0033	2.081
57936.14586	11.9167	0.0035	2.073
57936.14633	11.9030	0.0037	2.065
57936.14682	11.9188	0.0037	2.057
57936.14729	11.9097	0.0037	2.050
57936.14778	11.9227	0.0035	2.042
57936.14825	11.9026	0.0033	2.035
57936.14873	11.9192	0.0030	2.028
57936.14921	11.9100	0.0027	2.020
57936.14970	11.9094	0.0025	2.013
57936.15017	11.9233	0.0023	2.005
57936.15065	11.9276	0.0022	1.998
57936.15113	11.9144	0.0022	1.991
57936.15161	11.9212	0.0022	1.984
57936.15209	11.9198	0.0021	1.977
57936.15258	11.9155	0.0021	1.970
57936.15306	11.9135	0.0021	1.963
57936.15354	11.9050	0.0021	1.956
57936.15402	11.9225	0.0020	1.949
57936.15450	11.9365	0.0020	1.943
57936.15498	11.9151	0.0020	1.936
57936.15546	11.9155	0.0020	1.929
57936.15594	11.9318	0.0020	1.923
57936.15642	11.9049	0.0021	1.916
57936.15690	11.9300	0.0023	1.910
57936.15737	11.9138	0.0024	1.903
57936.15786	11.9146	0.0025	1.897
57936.15833	11.9059	0.0026	1.890
57936.15882	11.9343	0.0026	1.884
57936.15929	11.9079	0.0026	1.878
57936.15978	11.9240	0.0027	1.872
57936.16025	11.9098	0.0026	1.865
57936.16074	11.9120	0.0026	1.859
57936.16122	11.9110	0.0025	1.853
57936.16168	11.9148	0.0025	1.847
57936.16216	11.9170	0.0024	1.841
57936.16264	11.9207	0.0023	1.835
57936.16312	11.9245	0.0023	1.829
57936.16360	11.9109	0.0023	1.824
57936.16409	11.9232	0.0022	1.818
57936.16456	11.9242	0.0022	1.812
57936.16503	11.9152	0.0023	1.806
57936.16552	11.8996	0.0023	1.801
57936.16601	11.9209	0.0023	1.795
57936.16648	11.9157	0.0024	1.789
57936.16697	11.9173	0.0024	1.784
57936.16744	11.9184	0.0025	1.778
57936.16793	11.9153	0.0026	1.773
57936.16840	11.9037	0.0026	1.767
57936.16888	11.9028	0.0026	1.762
57936.16936	11.9186	0.0026	1.756
57936.16984	11.9100	0.0025	1.751
57936.17031	11.9138	0.0025	1.746
57936.17080	11.9171	0.0024	1.741
57936.17128	11.9232	0.0024	1.735
57936.17177	11.9159	0.0023	1.730
57936.17225	11.9172	0.0023	1.725
57936.17273	11.9146	0.0023	1.720
57936.17321	11.9215	0.0023	1.715
57936.17369	11.9289	0.0024	1.710
57936.17417	11.9232	0.0024	1.705
57936.17465	11.9198	0.0024	1.700
57936.17513	11.9137	0.0024	1.695
57936.17560	11.9158	0.0024	1.690
57936.17609	11.9121	0.0025	1.685
57936.17656	11.9222	0.0025	1.680
57936.17704	11.9249	0.0024	1.676
57936.17751	11.9100	0.0024	1.671
57936.17799	11.9233	0.0025	1.666
57936.17846	11.9120	0.0025	1.662
57936.17894	11.9172	0.0025	1.657
57936.17942	11.9239	0.0026	1.652
57936.17990	11.9104	0.0026	1.648
57936.18037	11.9186	0.0026	1.643
57936.18084	11.9135	0.0025	1.639
57936.18132	11.9234	0.0024	1.634
57936.18179	11.9190	0.0023	1.630
57936.18228	11.9193	0.0022	1.625
57936.18277	11.9182	0.0021	1.621
57936.18324	11.9183	0.0019	1.616
57936.18372	11.9177	0.0018	1.612
57936.18419	11.9129	0.0017	1.608
57936.18468	11.9152	0.0016	1.603
57936.18515	11.9103	0.0016	1.599
57936.18564	11.9148	0.0015	1.595
57936.18611	11.9162	0.0015	1.591
57936.18659	11.9221	0.0015	1.587
57936.18707	11.9174	0.0014	1.582
57936.18755	11.9278	0.0014	1.578
57936.18803	11.9171	0.0014	1.574
57936.18851	11.9146	0.0014	1.570
57936.18899	11.9280	0.0015	1.566
57936.18947	11.9155	0.0015	1.562
57936.18995	11.9132	0.0016	1.558
57936.19043	11.9122	0.0016	1.554
57936.19091	11.9090	0.0016	1.550
57936.19140	11.9134	0.0016	1.546
57936.19188	11.9239	0.0016	1.542
57936.19235	11.9222	0.0015	1.538
57936.19284	11.9205	0.0015	1.535
57936.19331	11.9237	0.0014	1.531
57936.19380	11.9313	0.0014	1.527
57936.19427	11.9194	0.0014	1.523
57936.19476	11.9204	0.0013	1.519
57936.19523	11.9251	0.0013	1.516
57936.19571	11.9157	0.0013	1.512
57936.19619	11.9299	0.0014	1.508
57936.19667	11.9105	0.0014	1.505
57936.19715	11.9005	0.0014	1.501
57936.19763	11.9149	0.0014	1.498
57936.19810	11.9173	0.0015	1.494
57936.19858	11.9108	0.0015	1.491
57936.19906	11.9299	0.0016	1.487
57936.19954	11.9227	0.0017	1.484
57936.20001	11.9249	0.0017	1.480
57936.20051	11.9159	0.0018	1.477
57936.20098	11.9129	0.0018	1.473
57936.20147	11.9140	0.0019	1.470
57936.20196	11.9230	0.0019	1.466
57936.20243	11.9249	0.0020	1.463
57936.20292	11.9281	0.0020	1.459
57936.20339	11.9206	0.0021	1.456
57936.20387	11.9237	0.0021	1.453
57936.20434	11.9125	0.0022	1.450
57936.20483	11.9166	0.0023	1.446
57936.20530	11.9063	0.0023	1.443
57936.20578	11.9157	0.0024	1.440
57936.20626	11.9187	0.0024	1.437
57936.20674	11.9111	0.0025	1.434
57936.20722	11.9170	0.0025	1.430
57936.20770	11.9160	0.0025	1.427
57936.20817	11.9214	0.0024	1.424
57936.20866	11.9202	0.0024	1.421
57936.20914	11.9195	0.0024	1.418
57936.20962	11.9178	0.0023	1.415
57936.21010	11.9168	0.0023	1.412
57936.21059	11.9212	0.0023	1.409
57936.21106	11.9226	0.0023	1.406
57936.21154	11.9027	0.0023	1.403
57936.21201	11.9143	0.0023	1.400
57936.21249	11.9209	0.0022	1.397
57936.21297	11.9204	0.0022	1.394
57936.21345	11.9147	0.0021	1.391
57936.21392	11.9175	0.0021	1.388
57936.21441	11.9143	0.0020	1.385
57936.21488	11.9070	0.0019	1.383
57936.21537	11.9184	0.0018	1.380
57936.21586	11.9145	0.0018	1.377
57936.21634	11.9111	0.0018	1.374
57936.21682	11.9160	0.0018	1.371
57936.21730	11.9213	0.0019	1.368
57936.21778	11.9139	0.0019	1.366
57936.21826	11.9160	0.0019	1.363
57936.21875	11.9178	0.0020	1.360
57936.21922	11.9137	0.0020	1.358
57936.21970	11.9174	0.0020	1.355
57936.22017	11.9246	0.0019	1.352
57936.22066	11.9324	0.0019	1.350
57936.22115	11.9133	0.0018	1.347
57936.22163	11.9077	0.0018	1.344
57936.22211	11.9129	0.0018	1.342
57936.22258	11.9202	0.0018	1.339
57936.22306	11.9148	0.0018	1.337
57936.22354	11.9123	0.0018	1.334
57936.22403	11.9261	0.0019	1.331
57936.22450	11.9195	0.0019	1.329
57936.22498	11.9145	0.0019	1.326
57936.22546	11.9134	0.0019	1.324
57936.22595	11.9118	0.0019	1.321
57936.22642	11.9250	0.0020	1.319
57936.22691	11.9129	0.0019	1.317
57936.22738	11.9125	0.0020	1.314
57936.22787	11.9143	0.0019	1.312
57936.22834	11.9230	0.0019	1.309
57936.22882	11.9207	0.0019	1.307
57936.22931	11.9254	0.0020	1.305
57936.22979	11.9200	0.0020	1.302
57936.23027	11.9199	0.0020	1.300
57936.23075	11.9148	0.0020	1.298
57936.23123	11.9187	0.0020	1.295
57936.23170	11.9113	0.0020	1.293
57936.23219	11.9249	0.0019	1.291
57936.23267	11.9167	0.0019	1.288
57936.23315	11.9161	0.0018	1.286
57936.23362	11.9197	0.0017	1.284
57936.23410	11.9127	0.0016	1.282
57936.23457	11.9210	0.0015	1.280
57936.23506	11.9174	0.0014	1.277
57936.23554	11.9153	0.0013	1.275
57936.23602	11.9176	0.0012	1.273
57936.23649	11.9146	0.0011	1.271
57936.23698	11.9229	0.0011	1.269
57936.23745	11.9223	0.0011	1.267
57936.23794	11.9131	0.0012	1.264
57936.23841	11.9154	0.0012	1.262
57936.23890	11.9167	0.0013	1.260
57936.23937	11.9101	0.0013	1.258
57936.23985	11.9039	0.0014	1.256
57936.24032	11.9158	0.0014	1.254
57936.24080	11.9173	0.0015	1.252
57936.24128	11.9108	0.0015	1.250
57936.24177	11.9139	0.0015	1.248
57936.24225	11.9219	0.0015	1.246
57936.24273	11.9128	0.0015	1.244
57936.24322	11.9179	0.0015	1.242
57936.24369	11.9245	0.0015	1.240
57936.24418	11.9171	0.0014	1.238
57936.24465	11.9148	0.0013	1.236
57936.24513	11.9133	0.0013	1.234
57936.24560	11.9101	0.0012	1.232
57936.24609	11.9212	0.0012	1.231
57936.24656	11.9241	0.0011	1.229
57936.24705	11.9142	0.0011	1.227
57936.24752	11.9154	0.0011	1.225
57936.24800	11.9121	0.0011	1.223
57936.24847	11.9124	0.0011	1.221
57936.24896	11.9185	0.0012	1.219
57936.24943	11.9215	0.0013	1.218
57936.24992	11.9169	0.0014	1.216
57936.25039	11.9157	0.0014	1.214
57936.25087	11.9153	0.0015	1.212
57936.25135	11.9154	0.0016	1.211
57936.25184	11.9150	0.0017	1.209
57936.25231	11.9122	0.0018	1.207
57936.25279	11.9257	0.0019	1.205
57936.25326	11.9140	0.0020	1.204
57936.25374	11.9135	0.0021	1.202
57936.25421	11.9162	0.0021	1.200
57936.25470	11.9196	0.0022	1.198
57936.25517	11.9201	0.0022	1.197
57936.25566	11.9163	0.0022	1.195
57936.25613	11.9313	0.0023	1.193
57936.25662	11.9128	0.0023	1.192
57936.25711	11.9146	0.0024	1.190
57936.25758	11.9193	0.0024	1.189
57936.25807	11.9152	0.0024	1.187
57936.25854	11.9181	0.0025	1.185
57936.25902	11.9123	0.0025	1.184
57936.25950	11.9189	0.0025	1.182
57936.25999	11.9233	0.0025	1.181
57936.26046	11.9110	0.0025	1.179
57936.26095	11.9186	0.0025	1.177
57936.26144	11.9158	0.0024	1.176
57936.26191	11.9177	0.0024	1.174
57936.26240	11.9215	0.0023	1.173
57936.26287	11.9122	0.0022	1.171
57936.26336	11.9171	0.0021	1.170
57936.26383	11.9191	0.0021	1.168
57936.26431	11.9128	0.0020	1.167
57936.26478	11.9221	0.0020	1.165
57936.26527	11.9200	0.0019	1.164
57936.26574	11.9091	0.0019	1.162
57936.26623	11.9113	0.0020	1.161
57936.26670	11.9109	0.0020	1.160
57936.26718	11.9131	0.0021	1.158
57936.26766	11.9164	0.0021	1.157
57936.26814	11.9119	0.0021	1.155
57936.26862	11.9157	0.0021	1.154
57936.26910	11.9121	0.0020	1.153
57936.26957	11.9094	0.0020	1.151
57936.27005	11.9157	0.0019	1.150
57936.27053	11.9153	0.0018	1.148
57936.27101	11.9148	0.0017	1.147
57936.27149	11.9188	0.0016	1.146
57936.27197	11.9199	0.0015	1.144
57936.27245	11.9155	0.0014	1.143
57936.27293	11.9216	0.0014	1.142
57936.27340	11.9267	0.0013	1.141
57936.27389	11.9255	0.0013	1.139
57936.27438	11.9082	0.0013	1.138
57936.27485	11.9113	0.0013	1.137
57936.27534	11.9242	0.0012	1.135
57936.27582	11.9074	0.0012	1.134
57936.27630	11.9154	0.0012	1.133
57936.27677	11.9198	0.0012	1.132
57936.27725	11.9219	0.0012	1.130
57936.27773	11.9181	0.0013	1.129
57936.27822	11.9125	0.0013	1.128
57936.27869	11.9144	0.0014	1.127
57936.27918	11.9184	0.0014	1.126
57936.27965	11.9143	0.0015	1.124
57936.28013	11.9073	0.0015	1.123
57936.28060	11.9149	0.0015	1.122
57936.28109	11.9117	0.0015	1.121
57936.28157	11.9190	0.0015	1.120
57936.28206	11.9131	0.0015	1.118
57936.28253	11.9170	0.0014	1.117
57936.28302	11.9173	0.0014	1.116
57936.28350	11.9237	0.0014	1.115
57936.28398	11.9049	0.0014	1.114
57936.28447	11.9127	0.0014	1.113
57936.28495	11.9179	0.0014	1.112
57936.28543	11.9106	0.0015	1.111
57936.28590	11.9135	0.0015	1.110
57936.28639	11.9155	0.0016	1.109
57936.28686	11.9261	0.0017	1.107
57936.28735	11.9133	0.0017	1.106
57936.28782	11.9160	0.0018	1.105
57936.28831	11.9239	0.0018	1.104
57936.28877	11.9175	0.0018	1.103
57936.28926	11.9115	0.0018	1.102
57936.28973	11.9183	0.0019	1.101
57936.29022	11.9025	0.0019	1.100
57936.29071	11.9206	0.0019	1.099
57936.29118	11.9176	0.0019	1.098
57936.29167	11.9139	0.0019	1.097
57936.29214	11.9132	0.0018	1.096
57936.29263	11.9175	0.0018	1.095
57936.29311	11.9225	0.0017	1.094
57936.29359	11.9105	0.0016	1.093
57936.29407	11.9133	0.0016	1.092
57936.29455	11.9150	0.0015	1.091
57936.29502	11.9131	0.0015	1.091
57936.29551	11.9091	0.0014	1.090
57936.29600	11.9219	0.0014	1.089
57936.29647	11.9183	0.0014	1.088
57936.29696	11.9161	0.0013	1.087
57936.29743	11.9133	0.0013	1.086
57936.29791	11.9164	0.0013	1.085
57936.29839	11.9108	0.0013	1.084
57936.29887	11.9179	0.0013	1.083
57936.29935	11.9140	0.0013	1.083
57936.29983	11.9183	0.0013	1.082
57936.30030	11.9103	0.0013	1.081
57936.30079	11.9205	0.0012	1.080
57936.30127	11.9220	0.0012	1.079
57936.30175	11.9103	0.0012	1.078
57936.30223	11.9178	0.0013	1.077
57936.30271	11.9175	0.0014	1.077
57936.30318	11.9139	0.0015	1.076
57936.30366	11.9143	0.0017	1.075
57936.30414	11.9132	0.0019	1.074
57936.30463	11.9184	0.0020	1.073
57936.30510	11.9137	0.0022	1.073
57936.30606	11.9108	0.0023	1.071
57936.30653	11.9166	0.0024	1.070
57936.30700	11.9135	0.0024	1.070
57936.30749	11.9162	0.0024	1.069
57936.30796	11.9150	0.0024	1.068
57936.30845	11.9201	0.0023	1.067
57936.30894	11.9229	0.0022	1.067
57936.30941	11.9147	0.0020	1.066
57936.30990	11.9228	0.0019	1.065
57936.31037	11.9192	0.0017	1.065
57936.31086	11.9182	0.0016	1.064
57936.31133	11.9176	0.0015	1.063
57936.31182	11.9116	0.0013	1.063
57936.31230	11.9179	0.0012	1.062
57936.31278	11.9199	0.0011	1.061
57936.31326	11.9182	0.0011	1.061
57936.31375	11.9096	0.0011	1.060
57936.31422	11.9209	0.0011	1.059
57936.31471	11.9163	0.0011	1.059
57936.31519	11.9100	0.0012	1.058
57936.31567	11.9159	0.0012	1.057
57936.31616	11.9156	0.0012	1.057
57936.31663	11.9155	0.0013	1.056
57936.31712	11.9200	0.0013	1.055
57936.31759	11.9174	0.0013	1.055
57936.31808	11.9160	0.0013	1.054
57936.31855	11.9198	0.0013	1.054
57936.31904	11.9187	0.0012	1.053
57936.31951	11.9133	0.0012	1.053
57936.32000	11.9176	0.0012	1.052
57936.32049	11.9205	0.0012	1.051
57936.32096	11.9265	0.0013	1.051
57936.32145	11.9100	0.0013	1.050
57936.32192	11.9122	0.0014	1.050
57936.32241	11.9243	0.0015	1.049
57936.32289	11.9194	0.0016	1.049
57936.32337	11.9195	0.0017	1.048
57936.32385	11.9139	0.0017	1.048
57936.32434	11.9225	0.0017	1.047
57936.32481	11.9118	0.0017	1.047
57936.32530	11.9165	0.0017	1.046
57936.32579	11.9112	0.0016	1.046
57936.32626	11.9087	0.0016	1.045
57936.32675	11.9183	0.0015	1.045
57936.32723	11.9099	0.0014	1.044
57936.32772	11.9191	0.0014	1.044
57936.32819	11.9202	0.0013	1.043
57936.32868	11.9162	0.0012	1.043
57936.32916	11.9143	0.0012	1.042
57936.32964	11.9108	0.0012	1.042
57936.33012	11.9135	0.0012	1.042
57936.33060	11.9182	0.0012	1.041
57936.33108	11.9146	0.0012	1.041
57936.33155	11.9187	0.0012	1.040
57936.33204	11.9163	0.0012	1.040
57936.33252	11.9183	0.0012	1.039
57936.33301	11.9133	0.0012	1.039
57936.33348	11.9201	0.0012	1.039
57936.33396	11.9225	0.0012	1.038
57936.33444	11.9123	0.0012	1.038
57936.33493	11.9223	0.0012	1.038
57936.33541	11.9085	0.0012	1.037
57936.33589	11.9158	0.0012	1.037
57936.33637	11.9213	0.0013	1.036
57936.33685	11.9166	0.0013	1.036
57936.33733	11.9216	0.0014	1.036
57936.33781	11.9193	0.0015	1.035
57936.33829	11.9289	0.0016	1.035
57936.33876	11.9161	0.0017	1.035
57936.33924	11.9271	0.0017	1.034
57936.33972	11.9153	0.0018	1.034
57936.34020	11.9100	0.0019	1.034
57936.34068	11.9181	0.0019	1.034
57936.34117	11.9160	0.0020	1.033
57936.34164	11.9183	0.0020	1.033
57936.34213	11.9148	0.0020	1.033
57936.34260	11.9146	0.0020	1.032
57936.34308	11.9132	0.0020	1.032
57936.34356	11.9261	0.0020	1.032
57936.34404	11.9170	0.0020	1.032
57936.34451	11.9134	0.0020	1.031
57936.34499	11.9122	0.0020	1.031
57936.34547	11.9075	0.0020	1.031
57936.34595	11.9110	0.0020	1.031
57936.34644	11.9185	0.0020	1.030
57936.34691	11.9135	0.0020	1.030
57936.34740	11.9185	0.0020	1.030
57936.34787	11.9143	0.0020	1.030
57936.34836	11.9168	0.0021	1.030
57936.34884	11.9130	0.0022	1.029
57936.34932	11.9196	0.0022	1.029
57936.34980	11.9268	0.0023	1.029
57936.35028	11.9206	0.0023	1.029
57936.35076	11.9236	0.0023	1.029
57936.35125	11.9118	0.0023	1.029
57936.35171	11.9210	0.0023	1.028
57936.35220	11.9142	0.0022	1.028
57936.35267	11.9201	0.0021	1.028
57936.35316	11.9142	0.0020	1.028
57936.35363	11.9182	0.0018	1.028
57936.35412	11.9142	0.0017	1.028
57936.35461	11.9172	0.0016	1.028
57936.35508	11.9233	0.0016	1.027
57936.35557	11.9133	0.0016	1.027
57936.35604	11.9220	0.0016	1.027
57936.35653	11.9160	0.0016	1.027
57936.35700	11.9096	0.0016	1.027
57936.35749	11.9149	0.0017	1.027
57936.35797	11.9208	0.0017	1.027
57936.35845	11.9090	0.0017	1.027
57936.35894	11.9201	0.0017	1.027
57936.35941	11.9116	0.0017	1.027
57936.35990	11.9151	0.0017	1.027
57936.36037	11.9156	0.0017	1.027
57936.36086	11.9136	0.0017	1.026
57936.36133	11.9119	0.0017	1.026
57936.36182	11.9150	0.0017	1.026
57936.36229	11.9150	0.0017	1.026
57936.36278	11.9232	0.0017	1.026
57936.36325	11.9187	0.0016	1.026
57936.36374	11.9197	0.0016	1.026
57936.36421	11.9100	0.0016	1.026
57936.36470	11.9140	0.0016	1.026
57936.36519	11.9155	0.0016	1.026
57936.36566	11.9158	0.0016	1.026
57936.36615	11.9119	0.0015	1.026
57936.36662	11.9125	0.0016	1.026
57936.36709	11.9149	0.0016	1.026
57936.36758	11.9149	0.0016	1.026
57936.36807	11.9091	0.0017	1.026
57936.36855	11.9119	0.0017	1.027
57936.36903	11.9114	0.0018	1.027
57936.36950	11.9160	0.0019	1.027
57936.36999	11.9121	0.0020	1.027
57936.37047	11.9140	0.0021	1.027
57936.37096	11.9123	0.0021	1.027
57936.37144	11.9184	0.0022	1.027
57936.37192	11.9110	0.0023	1.027
57936.37240	11.9116	0.0023	1.027
57936.37287	11.9163	0.0024	1.027
57936.37334	11.9099	0.0024	1.027
57936.37383	11.9206	0.0024	1.027
57936.37431	11.9179	0.0024	1.028
57936.37479	11.9140	0.0024	1.028
57936.37527	11.9148	0.0024	1.028
57936.37575	11.9142	0.0024	1.028
57936.37624	11.9247	0.0023	1.028
57936.37671	11.9156	0.0023	1.028
57936.37720	11.9185	0.0023	1.028
57936.37767	11.9175	0.0022	1.029
57936.37816	11.9120	0.0021	1.029
57936.37865	11.9166	0.0020	1.029
57936.37912	11.9134	0.0019	1.029
57936.37961	11.9097	0.0018	1.029
57936.38008	11.9211	0.0017	1.029
57936.38057	11.9144	0.0016	1.030
57936.38104	11.9147	0.0016	1.030
57936.38153	11.9184	0.0016	1.030
57936.38200	11.9148	0.0017	1.030
57936.38249	11.9176	0.0018	1.030
57936.38296	11.9206	0.0018	1.031
57936.38344	11.9213	0.0019	1.031
57936.38392	11.9106	0.0020	1.031
57936.38440	11.9136	0.0020	1.031
57936.38488	11.9207	0.0020	1.032
57936.38537	11.9153	0.0020	1.032
57936.38586	11.9050	0.0020	1.032
57936.38633	11.9119	0.0019	1.032
57936.38681	11.9194	0.0018	1.033
57936.38729	11.9135	0.0017	1.033
57936.38778	11.9166	0.0015	1.033
57936.38825	11.9108	0.0014	1.034
57936.38874	11.9204	0.0012	1.034
57936.38921	11.9120	0.0012	1.034
57936.38969	11.9110	0.0011	1.034
57936.39017	11.9121	0.0011	1.035
57936.39066	11.9122	0.0012	1.035
57936.39113	11.9111	0.0012	1.035
57936.39161	11.9176	0.0013	1.036
57936.39209	11.9224	0.0015	1.036
57936.39257	11.9187	0.0015	1.036
57936.39306	11.9205	0.0016	1.037
57936.39353	11.9142	0.0017	1.037
57936.39402	11.9085	0.0017	1.038
57936.39449	11.9189	0.0017	1.038
57936.39498	11.9167	0.0016	1.038
57936.39545	11.9148	0.0016	1.039
57936.39594	11.9150	0.0015	1.039
57936.39641	11.9195	0.0014	1.039
57936.39690	11.9166	0.0014	1.040
57936.39736	11.9104	0.0014	1.040
57936.39784	11.9139	0.0014	1.041
57936.39832	11.9148	0.0014	1.041
57936.39880	11.9166	0.0015	1.041
57936.39928	11.9246	0.0016	1.042
57936.39975	11.9137	0.0016	1.042
57936.40022	11.9148	0.0016	1.043
57936.40071	11.9134	0.0016	1.043
57936.40119	11.9139	0.0016	1.044
57936.40167	11.9097	0.0016	1.044
57936.40214	11.9152	0.0016	1.045
57936.40263	11.9116	0.0016	1.045
57936.40310	11.9316	0.0016	1.046
57936.40358	11.9192	0.0015	1.046
57936.40406	11.9047	0.0015	1.047
57936.40455	11.9184	0.0015	1.047
57936.40502	11.9202	0.0015	1.048
57936.40550	11.9089	0.0015	1.048
57936.40597	11.9256	0.0015	1.049
57936.40645	11.9157	0.0016	1.049
57936.40693	11.9186	0.0017	1.050
57936.40741	11.9241	0.0018	1.050
57936.40788	11.9086	0.0019	1.051
57936.40837	11.9179	0.0020	1.051
57936.40884	11.9151	0.0021	1.052
57936.40932	11.9119	0.0023	1.052
57936.40980	11.9233	0.0024	1.053
57936.41028	11.9102	0.0025	1.054
57936.41076	11.9147	0.0026	1.054
57936.41124	11.9233	0.0026	1.055
57936.41172	11.9172	0.0026	1.055
57936.41221	11.9244	0.0026	1.056
57936.41269	11.9106	0.0025	1.057
57936.41317	11.9236	0.0025	1.057
57936.41365	11.9181	0.0024	1.058
57936.41412	11.9179	0.0024	1.058
57936.41459	11.9123	0.0023	1.059
57936.41508	11.9129	0.0022	1.060
57936.41556	11.9185	0.0021	1.060
57936.41603	11.9145	0.0021	1.061
57936.41650	11.9165	0.0020	1.062
57936.41699	11.9214	0.0019	1.062
57936.41748	11.9114	0.0018	1.063
57936.41795	11.9230	0.0018	1.064
57936.41844	11.9162	0.0017	1.064
57936.41891	11.9139	0.0016	1.065
57936.41940	11.9200	0.0015	1.066
57936.41987	11.9198	0.0015	1.066
57936.42035	11.9182	0.0015	1.067
57936.42083	11.9065	0.0015	1.068
57936.42131	11.9225	0.0015	1.069
57936.42179	11.9146	0.0016	1.069
57936.42227	11.9183	0.0016	1.070
57936.42274	11.9124	0.0017	1.071
57936.42323	11.9136	0.0018	1.072
57936.42370	11.9112	0.0018	1.072
57936.42419	11.9152	0.0019	1.073
57936.42466	11.9119	0.0019	1.074
57936.42514	11.9176	0.0019	1.075
57936.42563	11.9230	0.0020	1.076
57936.42611	11.9238	0.0020	1.076
57936.42659	11.9196	0.0020	1.077
57936.42707	11.9109	0.0020	1.078
57936.42755	11.9140	0.0020	1.079
57936.42803	11.9136	0.0020	1.080
57936.42852	11.9205	0.0020	1.081
57936.42899	11.9155	0.0021	1.081
57936.42948	11.9073	0.0021	1.082
57936.42995	11.9120	0.0021	1.083
57936.43044	11.9136	0.0022	1.084
57936.43091	11.9215	0.0022	1.085
57936.43139	11.9209	0.0022	1.086
57936.43187	11.9200	0.0021	1.087
57936.43236	11.9100	0.0021	1.088
57936.43284	11.9077	0.0021	1.088
57936.43332	11.9055	0.0020	1.089
57936.43380	11.9148	0.0020	1.090
57936.43428	11.9182	0.0020	1.091
57936.43476	11.9138	0.0020	1.092
57936.43524	11.9197	0.0020	1.093
57936.43572	11.9132	0.0020	1.094
57936.43620	11.9047	0.0020	1.095
57936.43668	11.9172	0.0021	1.096
57936.43715	11.9236	0.0021	1.097
57936.43764	11.9155	0.0021	1.098
57936.43812	11.9046	0.0021	1.099
57936.43860	11.9137	0.0021	1.100
57936.43907	11.9136	0.0020	1.101
57936.44100	11.9196	0.0020	1.105
57936.44148	11.9149	0.0020	1.106
57936.44196	11.9196	0.0020	1.107
57936.44293	11.9140	0.0019	1.109
57936.44340	11.9158	0.0020	1.110
57936.44534	11.9085	0.0020	1.115
57936.44581	11.9165	0.0020	1.116
57936.44628	11.9143	0.0021	1.117
57936.44676	11.9148	0.0021	1.118
57936.44725	11.9057	0.0022	1.119
57936.44819	11.9184	0.0022	1.122
57936.44868	11.9212	0.0023	1.123
57936.44916	11.9095	0.0023	1.124
57936.44964	11.9203	0.0023	1.125
57936.45012	11.9136	0.0022	1.126
57936.45108	11.9098	0.0022	1.129
57936.45155	11.9158	0.0021	1.130
57936.45203	11.9111	0.0020	1.131
57936.45250	11.9115	0.0019	1.132
57936.45346	11.9202	0.0018	1.135
57936.45394	11.9127	0.0017	1.136
57936.45442	11.9166	0.0017	1.137
57936.45491	11.9164	0.0017	1.139
57936.45538	11.9189	0.0017	1.140
57936.45587	11.9162	0.0017	1.141
57936.45634	11.9268	0.0017	1.143
57936.45683	11.9190	0.0018	1.144
57936.45731	11.9114	0.0018	1.145
57936.45779	11.9119	0.0018	1.147
57936.45828	11.9105	0.0018	1.148
57936.45875	11.9150	0.0018	1.149
57936.45924	11.9085	0.0018	1.151
57936.45971	11.9063	0.0018	1.152
57936.46020	11.9177	0.0018	1.153
57936.46067	11.9228	0.0018	1.155
57936.46116	11.9105	0.0018	1.156
57936.46163	11.9198	0.0017	1.158
57936.46212	11.9243	0.0018	1.159
57936.46260	11.9096	0.0018	1.161
57936.46308	11.9150	0.0019	1.162
57936.46355	11.9188	0.0019	1.163
57936.46404	11.9129	0.0020	1.165
57936.46451	11.9119	0.0021	1.166
57936.46500	11.9143	0.0021	1.168
57936.46549	11.9195	0.0022	1.169
57936.46595	11.9092	0.0022	1.171
57936.46644	11.9128	0.0023	1.172
57936.46691	11.9173	0.0025	1.174
57936.46738	11.9163	0.0026	1.175
57936.46787	11.9107	0.0026	1.177
57936.46834	11.9075	0.0027	1.178
57936.46883	11.9175	0.0027	1.180
57936.46978	11.9179	0.0027	1.183
57936.47025	11.9162	0.0026	1.185
57936.47073	11.9155	0.0026	1.186
57936.47122	11.9099	0.0024	1.188
57936.47170	11.9125	0.0022	1.190
57936.47218	11.9152	0.0021	1.191
57936.47266	11.9113	0.0019	1.193
57936.47314	11.9058	0.0017	1.194
57936.47362	11.9203	0.0016	1.196
57936.47409	11.9156	0.0016	1.198
57936.47457	11.9133	0.0017	1.199
57936.47506	11.9126	0.0018	1.201
57936.47553	11.9155	0.0019	1.203
57936.47602	11.9166	0.0020	1.205
57936.47649	11.9086	0.0022	1.206
57936.47697	11.9108	0.0023	1.208
57936.47745	11.9144	0.0024	1.210
57936.47793	11.9145	0.0025	1.212
57936.47841	11.9161	0.0025	1.213
57936.47890	11.9099	0.0024	1.215
57936.47938	11.9069	0.0038	1.217
