12 header lines (incl this one)
Object: KIC846
UT Date for start of observations: 2017.09.08
Observer: B.Gary
Band: V-band
Telescope: Meade 14" LX200-GPS
CCD: SBIG ST-10XME
Col 1: MJD
Col 2: V-mag
Col 3: SE
Col 4: air mass

58004.21582	11.9263	0.0037	1.044
58004.21628	11.9240	0.0037	1.044
58004.21676	11.9299	0.0037	1.045
58004.21722	11.9224	0.0020	1.045
58004.21770	11.9307	0.0024	1.046
58004.21816	11.9396	0.0027	1.046
58004.21863	11.9218	0.0030	1.047
58004.21916	11.9362	0.0032	1.047
58004.21962	11.9143	0.0034	1.048
58004.22013	11.9296	0.0036	1.048
58004.33302	11.9290	0.0037	1.411
58004.33395	11.9433	0.0039	1.417
58004.33493	11.9270	0.0039	1.423
58004.33541	11.9287	0.0040	1.426
58004.33587	11.9210	0.0041	1.429
58004.33681	11.9111	0.0042	1.435
58004.33727	11.9374	0.0043	1.438
58004.33773	11.9313	0.0045	1.441
58004.33819	11.9301	0.0046	1.444
58004.33867	11.9239	0.0047	1.448
58004.33913	11.9230	0.0047	1.451
58004.33959	11.9305	0.0048	1.454
58004.34007	11.9271	0.0047	1.457
58004.34053	11.9124	0.0045	1.460
58004.34194	11.9234	0.0043	1.470
58004.34241	11.9257	0.0041	1.474
58004.34288	11.9302	0.0039	1.477
58004.34334	11.9313	0.0036	1.480
58004.34382	11.9275	0.0033	1.484
58004.34428	11.9281	0.0031	1.487
58004.34476	11.9373	0.0029	1.491
58004.34523	11.9441	0.0027	1.494
58004.34569	11.9237	0.0027	1.498
58004.34617	11.9160	0.0027	1.501
58004.34663	11.9110	0.0026	1.505
58004.34711	11.9186	0.0027	1.508
58004.34757	11.9241	0.0028	1.512
58004.34803	11.9450	0.0028	1.515
58004.34850	11.9322	0.0028	1.519
58004.34897	11.9197	0.0028	1.523
58004.34943	11.9195	0.0028	1.526
58004.34990	11.9245	0.0028	1.530
58004.35037	11.9181	0.0029	1.534
58004.35083	11.9183	0.0030	1.537
58004.35130	11.9343	0.0031	1.541
58004.35177	11.9363	0.0033	1.545
58004.35223	11.9254	0.0034	1.549
58004.35270	11.9140	0.0036	1.553
58004.35317	11.9387	0.0038	1.556
58004.35363	11.9104	0.0039	1.560
58004.35410	11.9163	0.0041	1.564
58004.35462	11.9405	0.0041	1.569
58004.35514	11.9312	0.0042	1.573
58004.35560	11.9305	0.0041	1.577
58004.35606	11.9189	0.0041	1.581
58004.35653	11.9301	0.0040	1.585
58004.35700	11.9392	0.0038	1.589
58004.35747	11.9375	0.0037	1.593
58004.35799	11.9070	0.0036	1.598
58004.35845	11.9324	0.0034	1.602
58004.35891	11.9266	0.0032	1.606
58004.35943	11.9288	0.0031	1.611
58004.35995	11.9220	0.0029	1.615
58004.36042	11.9265	0.0029	1.620
58004.36088	11.9226	0.0029	1.624
58004.36134	11.9367	0.0029	1.628
58004.36182	11.9249	0.0030	1.633
58004.36228	11.9243	0.0031	1.637
58004.36274	11.9386	0.0032	1.641
58004.36322	11.9260	0.0034	1.646
58004.36368	11.9210	0.0036	1.650
58004.36414	11.9265	0.0038	1.655
58004.36462	11.9205	0.0040	1.659
58004.36513	11.9233	0.0042	1.664
58004.36560	11.9227	0.0043	1.669
58004.36664	11.9340	0.0045	1.679
58004.36711	11.9267	0.0045	1.684
58004.36757	11.9387	0.0045	1.689
58004.36804	11.9408	0.0046	1.693
58004.36851	11.9038	0.0045	1.698
58004.36897	11.9262	0.0045	1.703
58004.36944	11.9260	0.0044	1.708
58004.36991	11.9261	0.0043	1.713
58004.37038	11.9271	0.0041	1.718
58004.37089	11.9265	0.0039	1.723
58004.37137	11.9395	0.0038	1.728
58004.37189	11.9167	0.0036	1.734
58004.37235	11.9230	0.0035	1.739
58004.37281	11.9289	0.0034	1.744
58004.37333	11.9176	0.0033	1.750
58004.37385	11.9382	0.0032	1.755
58004.37432	11.9324	0.0031	1.761
58004.37484	11.9309	0.0031	1.766
58004.37530	11.9236	0.0032	1.772
58004.37578	11.9153	0.0032	1.777
58004.37624	11.9287	0.0034	1.782
58004.37670	11.9225	0.0036	1.788
58004.37716	11.9218	0.0038	1.793
58004.37763	11.9344	0.0040	1.799
58004.37809	11.9215	0.0041	1.804
58004.37855	11.9249	0.0042	1.810
58004.37903	11.9298	0.0043	1.815
58004.37955	11.9213	0.0044	1.822
58004.38002	11.9159	0.0044	1.827
58004.38049	11.9212	0.0044	1.833
58004.38095	11.9265	0.0042	1.839
58004.38141	11.9239	0.0040	1.845
58004.38187	11.9189	0.0039	1.850
58004.38235	11.9161	0.0036	1.856
58004.38281	11.9474	0.0035	1.862
58004.38328	11.9346	0.0034	1.868
58004.38375	11.9259	0.0034	1.874
58004.38421	11.9428	0.0035	1.880
58004.38469	11.9332	0.0036	1.887
58004.38521	11.9190	0.0039	1.893
58004.38567	11.9175	0.0041	1.900
58004.38615	11.9166	0.0043	1.906
58004.38662	11.9325	0.0044	1.912
58004.38714	11.9378	0.0045	1.919
58004.38760	11.9345	0.0045	1.926
58004.38813	11.9243	0.0045	1.933
58004.38859	11.9197	0.0044	1.939
58004.38906	11.9068	0.0045	1.946
58004.39005	11.9322	0.0046	1.960
58004.39052	11.9230	0.0047	1.967
58004.39098	11.9427	0.0049	1.974
58004.39146	11.9199	0.0051	1.981
58004.39192	11.9274	0.0054	1.987
58004.39240	11.9294	0.0057	1.994
58004.39287	11.9327	0.0060	2.001
58004.39338	11.9297	0.0062	2.009
58004.39390	11.9259	0.0064	2.017
58004.39438	11.9328	0.0065	2.024
58004.39484	11.9370	0.0066	2.031
58004.39536	11.9148	0.0067	2.040
58004.39582	11.9362	0.0066	2.047
58004.39630	11.9432	0.0065	2.054
58004.39676	11.9270	0.0062	2.062
58004.39723	11.9182	0.0061	2.069
58004.39770	11.9347	0.0058	2.077
58004.39822	11.9248	0.0056	2.085
58004.39868	11.9341	0.0053	2.093
58004.39916	11.9158	0.0052	2.101
58004.39962	11.9452	0.0040	2.108
58004.40009	11.9152	0.0040	2.116
58004.40108	11.9349	0.0042	2.133
58004.40154	11.9258	0.0046	2.141
58004.40200	11.9304	0.0061	2.149
58004.40248	11.9302	0.0065	2.158
58004.40300	11.9443	0.0070	2.167
58004.40346	11.9168	0.0073	2.175
58004.40399	11.9263	0.0076	2.185
58004.40446	11.9406	0.0077	2.193
58004.40498	11.9154	0.0076	2.203
58004.40550	11.9104	0.0146	2.212
