12 header lines (incl this one)
Object: KIC846
UT Date for start of observations: 2017.09.10
Observer: B.Gary
Band: V-band
Telescope: Meade 14" LX200-GPS
CCD: SBIG ST-10XME
Col 1: MJD
Col 2: V-mag
Col 3: SE
Col 4: air mass

58006.13873	11.9403	0.0023	1.042
58006.13914	11.9299	0.0029	1.041
58006.14008	11.9364	0.0018	1.041
58006.14101	11.9472	0.0020	1.040
58006.14148	11.9487	0.0021	1.039
58006.14299	11.9353	0.0025	1.038
58006.14346	11.9351	0.0025	1.038
58006.14397	11.9335	0.0024	1.037
58006.14444	11.9354	0.0023	1.037
58006.14492	11.9379	0.0023	1.037
58006.14538	11.9341	0.0022	1.036
58006.14584	11.9360	0.0022	1.036
58006.14637	11.9387	0.0022	1.036
58006.14689	11.9375	0.0021	1.035
58006.14740	11.9426	0.0021	1.035
58006.14786	11.9494	0.0020	1.035
58006.14833	11.9256	0.0019	1.034
58006.14880	11.9361	0.0019	1.034
58006.14933	11.9303	0.0019	1.034
58006.14979	11.9377	0.0019	1.033
58006.15025	11.9399	0.0020	1.033
58006.15073	11.9365	0.0022	1.033
58006.15119	11.9328	0.0023	1.033
58006.15167	11.9286	0.0025	1.032
58006.15218	11.9279	0.0026	1.032
58006.15265	11.9382	0.0027	1.032
58006.15311	11.9378	0.0027	1.032
58006.16905	11.9337	0.0027	1.027
58006.16951	11.9309	0.0027	1.027
58006.16999	11.9327	0.0026	1.026
58006.17045	11.9349	0.0025	1.026
58006.17091	11.9367	0.0023	1.026
58006.17139	11.9348	0.0022	1.026
58006.17185	11.9343	0.0021	1.026
58006.17231	11.9408	0.0020	1.026
58006.17279	11.9364	0.0020	1.026
58006.17325	11.9373	0.0021	1.026
58006.17372	11.9285	0.0022	1.026
58006.17419	11.9444	0.0023	1.026
58006.17465	11.9314	0.0025	1.026
58006.17512	11.9433	0.0026	1.026
58006.17558	11.9389	0.0027	1.026
58006.17605	11.9459	0.0027	1.026
58006.17652	11.9401	0.0028	1.026
58006.17698	11.9427	0.0027	1.026
58006.17751	11.9294	0.0027	1.027
58006.17797	11.9381	0.0026	1.027
58006.17844	11.9286	0.0025	1.027
58006.17890	11.9314	0.0023	1.027
58006.17937	11.9371	0.0022	1.027
58006.17984	11.9354	0.0021	1.027
58006.18031	11.9380	0.0020	1.027
58006.18082	11.9340	0.0019	1.027
58006.18128	11.9405	0.0018	1.027
58006.18176	11.9352	0.0018	1.027
58006.18222	11.9320	0.0017	1.027
58006.18270	11.9400	0.0017	1.027
58006.18316	11.9338	0.0017	1.028
58006.18362	11.9398	0.0018	1.028
58006.18410	11.9354	0.0020	1.028
58006.18456	11.9452	0.0021	1.028
58006.18502	11.9442	0.0023	1.028
58006.18549	11.9354	0.0025	1.028
58006.18596	11.9438	0.0026	1.028
58006.18642	11.9255	0.0027	1.028
58006.18689	11.9342	0.0028	1.029
58006.18736	11.9428	0.0028	1.029
58006.18784	11.9431	0.0028	1.029
58006.18830	11.9346	0.0027	1.029
58006.18877	11.9271	0.0026	1.029
58006.18924	11.9419	0.0024	1.030
58006.18970	11.9360	0.0023	1.030
58006.19017	11.9291	0.0021	1.030
58006.19064	11.9291	0.0020	1.030
58006.19111	11.9334	0.0019	1.030
58006.19157	11.9391	0.0018	1.031
58006.19204	11.9406	0.0018	1.031
58006.19251	11.9389	0.0018	1.031
58006.19297	11.9288	0.0018	1.031
58006.20556	11.9318	0.0019	1.040
58006.20649	11.9318	0.0019	1.040
58006.20743	11.9391	0.0020	1.041
58006.20837	11.9382	0.0021	1.042
58006.20931	11.9291	0.0023	1.043
58006.20977	11.9384	0.0024	1.043
58006.21024	11.9355	0.0025	1.044
58006.21071	11.9354	0.0025	1.044
58006.21118	11.9294	0.0025	1.045
58006.21164	11.9362	0.0025	1.045
58006.21212	11.9392	0.0025	1.046
58006.21259	11.9420	0.0025	1.046
58006.21353	11.9381	0.0025	1.047
58006.21447	11.9406	0.0024	1.048
58006.21541	11.9375	0.0024	1.049
58006.21587	11.9332	0.0023	1.050
58006.21634	11.9399	0.0023	1.050
58006.21681	11.9266	0.0023	1.051
58006.21727	11.9332	0.0023	1.051
58006.21774	11.9334	0.0023	1.052
58006.21821	11.9254	0.0023	1.052
58006.21867	11.9296	0.0023	1.053
58006.21913	11.9359	0.0023	1.054
58006.21959	11.9421	0.0024	1.054
58006.22007	11.9387	0.0025	1.055
58006.22054	11.9388	0.0026	1.055
58006.22101	11.9310	0.0027	1.056
58006.22148	11.9213	0.0028	1.056
58006.22194	11.9449	0.0029	1.057
58006.22242	11.9325	0.0030	1.058
58006.22288	11.9499	0.0030	1.058
58006.22336	11.9470	0.0030	1.059
58006.22382	11.9267	0.0029	1.060
58006.22428	11.9288	0.0028	1.060
58006.22476	11.9394	0.0026	1.061
58006.22522	11.9355	0.0024	1.061
58006.22568	11.9343	0.0022	1.062
58006.22616	11.9371	0.0019	1.063
58006.22662	11.9407	0.0017	1.063
58006.22709	11.9309	0.0015	1.064
58006.22756	11.9294	0.0014	1.065
58006.22803	11.9398	0.0014	1.065
58006.22850	11.9270	0.0014	1.066
58006.22897	11.9343	0.0014	1.067
58006.22943	11.9468	0.0015	1.068
58006.22990	11.9397	0.0016	1.068
58006.23036	11.9363	0.0017	1.069
58006.23083	11.9276	0.0018	1.070
58006.23130	11.9300	0.0014	1.070
58006.23177	11.9318	0.0015	1.071
58006.23223	.	0.0016	1.072
58006.23271	11.9322	0.0017	1.073
58006.23317	11.9327	0.0017	1.073
58006.23363	11.9374	0.0022	1.074
58006.23411	11.9343	0.0022	1.075
58006.23458	11.9422	0.0022	1.076
58006.23505	11.9377	0.0022	1.076
58006.23645	11.9364	0.0022	1.079
58006.23692	11.9288	0.0022	1.080
58006.25714	11.9279	0.0023	1.122
58006.25760	11.9408	0.0023	1.123
58006.25808	11.9248	0.0024	1.124
58006.25854	11.9388	0.0025	1.125
58006.25900	11.9299	0.0027	1.126
58006.25947	11.9419	0.0028	1.127
58006.25993	11.9320	0.0029	1.129
58006.26045	11.9325	0.0030	1.130
58006.26093	11.9264	0.0025	1.131
58006.26738	11.9416	0.0025	1.149
58006.26837	11.9349	0.0024	1.151
58006.26884	11.9318	0.0023	1.153
58006.26932	11.9314	0.0029	1.154
58006.26978	11.9349	0.0028	1.156
58006.27024	11.9352	0.0027	1.157
58006.27071	11.9488	0.0027	1.158
58006.27123	11.9408	0.0027	1.160
58006.27170	11.9400	0.0027	1.161
58006.27222	11.9239	0.0027	1.163
58006.27270	11.9340	0.0028	1.164
58006.27316	11.9348	0.0028	1.166
58006.27363	11.9342	0.0028	1.167
58006.27411	11.9252	0.0027	1.169
58006.27457	11.9428	0.0026	1.170
58006.27505	11.9266	0.0026	1.171
58006.27551	11.9244	0.0025	1.173
58006.27598	11.9410	0.0025	1.174
58006.27645	11.9300	0.0025	1.176
58006.27692	11.9306	0.0025	1.177
58006.27738	11.9357	0.0025	1.179
58006.27786	11.9311	0.0024	1.181
58006.27832	11.9431	0.0024	1.182
58006.27880	11.9304	0.0024	1.184
58006.27926	11.9388	0.0023	1.185
58006.27978	11.9383	0.0023	1.187
58006.28025	11.9355	0.0022	1.188
58006.28073	11.9300	0.0021	1.190
58006.28119	11.9302	0.0020	1.192
58006.28166	11.9308	0.0020	1.193
58006.28218	11.9224	0.0020	1.195
58006.28271	11.9226	0.0021	1.197
58006.28317	11.9376	0.0021	1.199
58006.28365	11.9322	0.0022	1.200
58006.28411	11.9343	0.0023	1.202
58006.28457	11.9358	0.0024	1.204
58006.28509	11.9326	0.0024	1.205
58006.28556	11.9350	0.0025	1.207
58006.28603	11.9364	0.0026	1.209
58006.28650	11.9392	0.0026	1.211
58006.28697	11.9257	0.0027	1.212
58006.28743	11.9413	0.0028	1.214
58006.28789	11.9334	0.0029	1.216
58006.28837	11.9517	0.0032	1.217
58006.28889	11.9414	0.0036	1.219
58006.28936	11.9518	0.0040	1.221
58006.28983	11.9343	0.0043	1.223
58006.29029	11.9403	0.0046	1.225
58006.29076	11.9474	0.0049	1.227
58006.29123	11.9235	0.0040	1.228
58006.29176	11.9420	0.0030	1.231
58006.29363	11.9299	0.0025	1.238
58006.29410	11.9251	0.0032	1.240
58006.29457	11.9373	0.0038	1.242
58006.29505	11.9332	0.0036	1.244
58006.29551	11.9368	0.0033	1.246
58006.29598	11.9392	0.0026	1.248
58006.29650	11.9485	0.0025	1.250
58006.31125	11.9299	0.0022	1.318
58006.31171	11.9358	0.0021	1.320
58006.31219	11.9359	0.0026	1.323
58006.31265	11.9308	0.0025	1.325
58006.31311	11.9283	0.0024	1.328
58006.31358	11.9317	0.0023	1.330
58006.31404	11.9402	0.0022	1.333
58006.31451	11.9402	0.0021	1.335
58006.31498	11.9342	0.0021	1.338
58006.31545	11.9331	0.0021	1.340
58006.31597	11.9309	0.0020	1.343
58006.31644	11.9289	0.0021	1.345
58006.31690	11.9278	0.0020	1.348
58006.31737	11.9367	0.0020	1.351
58006.31784	11.9304	0.0020	1.353
58006.31836	11.9339	0.0020	1.356
58006.31882	11.9448	0.0019	1.359
58006.31929	11.9318	0.0019	1.361
58006.31976	11.9313	0.0019	1.364
58006.32022	11.9323	0.0019	1.367
58006.32069	11.9439	0.0019	1.369
58006.32120	11.9291	0.0019	1.372
58006.32167	11.9238	0.0020	1.375
58006.32219	11.9403	0.0020	1.378
58006.32266	11.9349	0.0021	1.381
58006.32313	11.9381	0.0023	1.383
58006.32360	11.9322	0.0024	1.386
58006.32406	11.9329	0.0024	1.389
58006.32453	11.9366	0.0025	1.392
58006.32500	11.9286	0.0026	1.395
58006.32546	11.9283	0.0027	1.398
58006.32593	11.9439	0.0029	1.400
58006.32640	11.9440	0.0031	1.403
58006.32687	11.9420	0.0033	1.406
58006.32734	11.9290	0.0036	1.409
58006.32780	11.9275	0.0030	1.412
58006.32828	11.9206	0.0024	1.415
58006.33713	11.9374	0.0030	1.475
58006.33760	11.9353	0.0039	1.478
58006.33812	11.9181	0.0047	1.482
58006.33859	11.9194	0.0045	1.486
58006.33911	11.9256	0.0042	1.489
58006.33957	11.9302	0.0039	1.493
58006.34005	11.9285	0.0038	1.496
58006.34051	11.9282	0.0037	1.500
58006.34097	11.9264	0.0037	1.503
58006.34145	11.9383	0.0037	1.507
58006.34191	11.9348	0.0038	1.510
58006.34237	11.9267	0.0039	1.514
58006.34284	11.9391	0.0039	1.517
58006.34331	11.9259	0.0032	1.521
58006.34378	11.9428	0.0032	1.525
58006.34471	11.9432	0.0030	1.532
58006.35179	11.9295	0.0028	1.591
58006.35227	11.9339	0.0034	1.595
58006.35273	11.9323	0.0032	1.600
58006.35319	11.9274	0.0030	1.604
58006.35367	11.9427	0.0029	1.608
58006.35418	11.9345	0.0028	1.613
58006.35465	11.9361	0.0028	1.617
58006.35512	11.9392	0.0028	1.621
58006.35564	11.9457	0.0028	1.626
58006.35610	11.9406	0.0029	1.630
58006.35656	11.9229	0.0030	1.634
58006.35708	11.9281	0.0031	1.639
58006.35756	11.9466	0.0031	1.644
58006.35803	11.9292	0.0032	1.648
58006.35850	11.9220	0.0032	1.653
58006.35897	11.9314	0.0031	1.657
58006.35943	11.9348	0.0031	1.662
58006.35991	11.9305	0.0031	1.667
58006.36037	11.9357	0.0030	1.671
58006.36083	11.9214	0.0029	1.676
58006.36135	11.9288	0.0028	1.681
58006.36182	11.9345	0.0027	1.686
58006.36234	11.9404	0.0026	1.691
58006.36280	11.9293	0.0025	1.696
58006.36326	11.9320	0.0024	1.700
58006.36373	11.9411	0.0023	1.705
58006.36419	11.9451	0.0022	1.710
58006.36466	11.9207	0.0021	1.715
58006.36514	11.9288	0.0021	1.720
58006.36565	11.9348	0.0022	1.725
58006.36617	11.9375	0.0024	1.731
58006.36664	11.9331	0.0027	1.736
58006.36711	11.9352	0.0030	1.741
58006.36757	11.9450	0.0032	1.746
58006.36804	11.9307	0.0035	1.752
58006.36851	11.9370	0.0038	1.757
58006.36897	11.9386	0.0041	1.762
58006.36944	11.9265	0.0043	1.767
58006.36991	11.9371	0.0046	1.772
58006.37043	11.9361	0.0048	1.778
58006.37089	11.9370	0.0049	1.784
58006.37137	11.9326	0.0051	1.789
58006.37183	11.9255	0.0052	1.795
58006.37235	11.9241	0.0053	1.801
58006.37281	11.9151	0.0054	1.806
58006.37328	11.9381	0.0055	1.812
58006.37380	11.9243	0.0044	1.818
58006.37426	11.9371	0.0044	1.824
58006.37525	11.9326	0.0043	1.836
58006.37572	11.9358	0.0042	1.842
58006.37619	11.9196	0.0051	1.848
58006.37671	11.9260	0.0050	1.854
58006.37718	11.9400	0.0049	1.860
58006.37764	11.9308	0.0048	1.866
58006.37811	11.9172	0.0046	1.872
58006.37858	11.9299	0.0045	1.878
58006.37905	11.9251	0.0042	1.884
58006.37951	11.9371	0.0040	1.890
58006.37998	11.9275	0.0051	1.896
