12 header lines (incl this one)
Object: KIC846
UT Date for start of observations: 2017.07.01
Observer: B.Gary
Band: V-band
Telescope: Meade 14" LX200-GPS
CCD: SBIG ST-10XME
Col 1: MJD
Col 2: V-mag
Col 3: SE
Col 4: air mass

57935.14229	11.9116	0.0027	2.180
57935.14278	11.9041	0.0028	2.172
57935.14325	11.9208	0.0029	2.163
57935.14374	11.9085	0.0026	2.155
57935.14471	11.9281	0.0029	2.138
57935.14519	11.9349	0.0030	2.130
57935.14566	11.9095	0.0030	2.121
57935.14615	11.9257	0.0029	2.113
57935.14662	11.9146	0.0028	2.105
57935.14711	11.9126	0.0027	2.097
57935.14758	11.9009	0.0027	2.089
57935.14806	11.9151	0.0026	2.082
57935.14853	11.9151	0.0026	2.074
57935.14902	11.8976	0.0027	2.066
57935.14949	11.9171	0.0028	2.058
57935.14998	11.9195	0.0029	2.051
57935.15045	11.9184	0.0030	2.043
57935.15094	11.9175	0.0030	2.036
57935.15141	11.9026	0.0030	2.028
57935.15190	11.9267	0.0030	2.021
57935.15238	11.9254	0.0030	2.013
57935.15286	11.9170	0.0030	2.006
57935.15333	11.9139	0.0029	1.999
57935.15382	11.9064	0.0029	1.992
57935.15429	11.9177	0.0029	1.985
57935.15478	11.9080	0.0029	1.978
57935.15527	11.9163	0.0030	1.971
57935.15574	11.9224	0.0031	1.964
57935.15623	11.9243	0.0032	1.957
57935.15670	11.9038	0.0033	1.950
57935.15719	11.9164	0.0034	1.943
57935.15766	11.9195	0.0034	1.937
57935.15814	11.9120	0.0035	1.930
57935.15862	11.9220	0.0035	1.923
57935.15910	11.9218	0.0034	1.917
57935.15957	11.9084	0.0034	1.910
57935.16006	11.9187	0.0033	1.904
57935.16053	11.9195	0.0033	1.897
57935.16102	11.9198	0.0032	1.891
57935.16149	11.9120	0.0031	1.885
57935.16197	11.9206	0.0030	1.879
57935.16245	11.9125	0.0030	1.872
57935.16293	11.9228	0.0029	1.866
57935.16341	11.9277	0.0029	1.860
57935.16389	11.9053	0.0029	1.854
57935.16436	11.9045	0.0030	1.848
57935.16485	11.9232	0.0030	1.842
57935.16532	11.9191	0.0031	1.836
57935.16581	11.9121	0.0031	1.830
57935.16628	11.9159	0.0032	1.824
57935.16677	11.9156	0.0032	1.818
57935.16773	11.9280	0.0032	1.807
57935.16821	11.9146	0.0031	1.801
57935.16868	11.9125	0.0030	1.796
57935.16917	11.9102	0.0028	1.790
57935.16964	11.9191	0.0027	1.784
57935.17012	11.9266	0.0025	1.779
57935.17059	11.9148	0.0023	1.773
57935.17108	11.9289	0.0021	1.768
57935.17156	11.9126	0.0020	1.762
57935.17204	11.9236	0.0019	1.757
57935.17252	11.9129	0.0018	1.752
57935.17300	11.9214	0.0018	1.746
57935.17348	11.9108	0.0019	1.741
57935.17396	11.9234	0.0019	1.736
57935.17444	11.9128	0.0020	1.731
57935.17492	11.9134	0.0021	1.726
57935.17541	11.9082	0.0022	1.720
57935.17588	11.9106	0.0023	1.715
57935.17635	11.9229	0.0023	1.710
57935.17684	11.9134	0.0024	1.705
57935.17731	11.9103	0.0024	1.700
57935.17780	11.9112	0.0024	1.695
57935.17828	11.9092	0.0024	1.691
57935.17874	11.9158	0.0024	1.686
57935.17922	11.9106	0.0024	1.681
57935.17970	11.9267	0.0023	1.676
57935.18019	11.9180	0.0022	1.671
57935.18066	11.9093	0.0021	1.667
57935.18113	11.9124	0.0020	1.662
57935.18162	11.9138	0.0019	1.657
57935.18211	11.9220	0.0018	1.653
57935.18258	11.9228	0.0017	1.648
57935.18307	11.9120	0.0016	1.643
57935.18354	11.9140	0.0015	1.639
57935.18402	11.9183	0.0014	1.635
57935.18449	11.9147	0.0013	1.630
57935.18498	11.9046	0.0013	1.626
57935.18546	11.9228	0.0013	1.621
57935.18594	11.9228	0.0013	1.617
57935.18641	11.9043	0.0013	1.612
57935.18690	11.9302	0.0013	1.608
57935.18737	11.9110	0.0013	1.604
57935.18836	11.9026	0.0014	1.595
57935.18883	11.9159	0.0014	1.591
57935.18932	11.9153	0.0014	1.587
57935.18979	11.9169	0.0015	1.583
57935.19028	11.9099	0.0016	1.578
57935.19076	11.9290	0.0016	1.574
57935.19124	11.9152	0.0016	1.570
57935.19171	11.9135	0.0017	1.566
57935.19220	11.9124	0.0018	1.562
57935.19269	11.9135	0.0018	1.558
57935.19316	11.9135	0.0019	1.554
57935.19363	11.9171	0.0019	1.550
57935.19411	11.9179	0.0019	1.546
57935.19458	11.9161	0.0018	1.542
57935.19506	11.9268	0.0018	1.539
57935.19554	11.9144	0.0017	1.535
57935.19602	11.9130	0.0016	1.531
57935.19649	11.9114	0.0015	1.527
57935.19697	11.9176	0.0014	1.524
57935.19744	11.9205	0.0013	1.520
57935.19791	11.9141	0.0012	1.516
57935.19839	11.9119	0.0011	1.513
57935.19887	11.9148	0.0011	1.509
57935.19934	11.9157	0.0011	1.505
57935.19983	11.9082	0.0012	1.502
57935.20030	11.9119	0.0012	1.498
57935.20078	11.9218	0.0013	1.495
57935.20125	11.9232	0.0013	1.491
57935.20174	11.9180	0.0013	1.487
57935.20221	11.9105	0.0014	1.484
57935.20270	11.9109	0.0014	1.480
57935.20317	11.9201	0.0014	1.477
57935.20366	11.9183	0.0014	1.474
57935.20413	11.9178	0.0015	1.470
57935.20462	11.9175	0.0015	1.467
57935.20509	11.9152	0.0014	1.463
57935.20558	11.9140	0.0015	1.460
57935.20605	11.9153	0.0015	1.457
57935.20653	11.9113	0.0016	1.453
57935.20700	11.9188	0.0016	1.450
57935.20749	11.9092	0.0017	1.447
57935.20797	11.9166	0.0018	1.444
57935.20845	11.9143	0.0018	1.440
57935.20892	11.9109	0.0019	1.437
57935.20941	11.9220	0.0020	1.434
57935.20990	11.9203	0.0021	1.431
57935.21037	11.9176	0.0021	1.428
57935.21086	11.9188	0.0022	1.424
57935.21133	11.9215	0.0023	1.421
57935.21182	11.9121	0.0023	1.418
57935.21229	11.9205	0.0023	1.415
57935.21278	11.9130	0.0023	1.412
57935.21326	11.9206	0.0024	1.409
57935.21374	11.9180	0.0024	1.406
57935.21421	11.9073	0.0024	1.403
57935.21469	11.9109	0.0023	1.400
57935.21517	11.9142	0.0023	1.397
57935.21566	11.9108	0.0022	1.394
57935.21613	11.9197	0.0022	1.391
57935.21662	11.9159	0.0021	1.388
57935.21709	11.9133	0.0020	1.386
57935.21758	11.9152	0.0018	1.383
57935.21806	11.9143	0.0017	1.380
57935.21854	11.9155	0.0016	1.377
57935.21902	11.9137	0.0015	1.374
57935.21949	11.9118	0.0015	1.372
57935.21998	11.9175	0.0015	1.369
57935.22045	11.9118	0.0015	1.366
57935.22094	11.9180	0.0017	1.363
57935.22141	11.9128	0.0018	1.361
57935.22190	11.9159	0.0020	1.358
57935.22237	11.9184	0.0021	1.355
57935.22286	11.9184	0.0022	1.352
57935.22333	11.9111	0.0024	1.350
57935.22382	11.9145	0.0025	1.347
57935.22429	11.9120	0.0025	1.345
57935.22477	11.9185	0.0025	1.342
57935.22524	11.9215	0.0025	1.339
57935.22573	11.9116	0.0025	1.337
57935.22620	11.9100	0.0025	1.334
57935.22669	11.9134	0.0024	1.332
57935.22716	11.9134	0.0024	1.329
57935.22764	11.9154	0.0023	1.327
57935.22811	11.9128	0.0023	1.324
57935.22859	11.9113	0.0022	1.322
57935.22907	11.9140	0.0022	1.319
57935.22956	11.9166	0.0021	1.317
57935.23003	11.9061	0.0021	1.315
57935.23051	11.9072	0.0021	1.312
57935.23098	11.9209	0.0021	1.310
57935.23147	11.9196	0.0020	1.307
57935.23196	11.9166	0.0020	1.305
57935.23244	11.9087	0.0020	1.303
57935.23292	11.9158	0.0019	1.300
57935.23339	11.9167	0.0019	1.298
57935.23388	11.9159	0.0019	1.296
57935.23435	11.9126	0.0019	1.293
57935.23483	11.9083	0.0018	1.291
57935.23531	11.9156	0.0018	1.289
57935.23579	11.9126	0.0018	1.287
57935.23627	11.9086	0.0018	1.284
57935.23676	11.9167	0.0018	1.282
57935.23723	11.9183	0.0017	1.280
57935.23772	11.9111	0.0017	1.278
57935.23819	11.9161	0.0017	1.276
57935.23868	11.9100	0.0017	1.273
57935.23916	11.9170	0.0017	1.271
57935.23964	11.9176	0.0016	1.269
57935.24012	11.9118	0.0016	1.267
57935.24059	11.9178	0.0016	1.265
57935.24108	11.9153	0.0015	1.263
57935.24156	11.9152	0.0015	1.261
57935.24204	11.9185	0.0014	1.259
57935.24251	11.9160	0.0014	1.256
57935.24300	11.9135	0.0014	1.254
57935.24348	11.9101	0.0014	1.252
57935.24397	11.9168	0.0014	1.250
57935.24444	11.9154	0.0014	1.248
57935.24493	11.9084	0.0014	1.246
57935.24541	11.9168	0.0014	1.244
57935.24589	11.9138	0.0015	1.242
57935.24637	11.9166	0.0015	1.240
57935.24685	11.9139	0.0015	1.238
57935.24733	11.9202	0.0016	1.237
57935.24781	11.9126	0.0016	1.235
57935.24829	11.9185	0.0016	1.233
57935.24877	11.9190	0.0016	1.231
57935.24925	11.9133	0.0016	1.229
57935.24972	11.9174	0.0016	1.227
57935.25020	11.9250	0.0017	1.225
57935.25068	11.9129	0.0017	1.223
57935.25116	11.9139	0.0017	1.221
57935.25164	11.9112	0.0016	1.220
57935.25262	11.9135	0.0016	1.216
57935.25309	11.9181	0.0016	1.214
57935.25358	11.9204	0.0016	1.212
57935.25406	11.9168	0.0016	1.211
57935.25454	11.9145	0.0016	1.209
57935.25502	11.9164	0.0016	1.207
57935.25551	11.9168	0.0017	1.205
57935.25598	11.9078	0.0017	1.204
57935.25647	11.9103	0.0018	1.202
57935.25694	11.9110	0.0019	1.200
57935.25742	11.9094	0.0019	1.199
57935.25791	11.9078	0.0020	1.197
57935.25838	11.9093	0.0020	1.195
57935.25885	11.9128	0.0021	1.194
57935.25934	11.9133	0.0021	1.192
57935.25981	11.9134	0.0021	1.190
57935.26030	11.9170	0.0021	1.189
57935.26078	11.9156	0.0021	1.187
57935.26125	11.9182	0.0020	1.185
57935.26174	11.9205	0.0020	1.184
57935.26221	11.9164	0.0019	1.182
57935.26270	11.9120	0.0019	1.181
57935.26317	11.9120	0.0018	1.179
57935.26366	11.9066	0.0018	1.177
57935.26413	11.9144	0.0017	1.176
57935.26462	11.9126	0.0016	1.174
57935.26509	11.9133	0.0015	1.173
57935.26558	11.9089	0.0015	1.171
57935.26605	11.9187	0.0014	1.170
57935.26653	11.9200	0.0014	1.168
57935.26701	11.9151	0.0013	1.167
57935.26749	11.9178	0.0013	1.165
57935.26796	11.9080	0.0013	1.164
57935.26845	11.9222	0.0014	1.163
57935.26894	11.9193	0.0014	1.161
57935.26941	11.9141	0.0015	1.160
57935.26990	11.9195	0.0016	1.158
57935.27037	11.9109	0.0016	1.157
57935.27086	11.9194	0.0016	1.155
57935.27133	11.9151	0.0016	1.154
57935.27182	11.9108	0.0016	1.153
57935.27229	11.9150	0.0015	1.151
57935.27278	11.9113	0.0014	1.150
57935.27325	11.9107	0.0014	1.148
57935.27374	11.9180	0.0013	1.147
57935.27422	11.9145	0.0012	1.146
57935.27471	11.9188	0.0012	1.144
57935.27519	11.9117	0.0012	1.143
57935.27567	11.9164	0.0013	1.142
57935.27615	11.9165	0.0014	1.140
57935.27663	11.9161	0.0014	1.139
57935.27711	11.9197	0.0015	1.138
57935.27758	11.9185	0.0015	1.137
57935.27807	11.9178	0.0016	1.135
57935.27854	11.9165	0.0016	1.134
57935.27903	11.9125	0.0016	1.133
57935.27950	11.9094	0.0016	1.132
57935.27999	11.9161	0.0016	1.130
57935.28047	11.9145	0.0015	1.129
57935.28095	11.9232	0.0014	1.128
57935.28144	11.9127	0.0014	1.127
57935.28191	11.9118	0.0013	1.126
57935.28240	11.9177	0.0013	1.124
57935.28287	11.9192	0.0012	1.123
57935.28336	11.9252	0.0011	1.122
57935.28383	11.9144	0.0010	1.121
57935.28432	11.9097	0.0010	1.120
57935.28480	11.9193	0.0010	1.118
57935.28528	11.9212	0.0010	1.117
57935.28576	11.9195	0.0010	1.116
57935.28624	11.9144	0.0010	1.115
57935.28672	11.9162	0.0010	1.114
57935.28720	11.9106	0.0011	1.113
57935.28769	11.9134	0.0011	1.112
57935.28816	11.9161	0.0011	1.111
57935.28863	11.9106	0.0012	1.110
57935.28911	11.9046	0.0012	1.109
57935.28958	11.9104	0.0013	1.107
57935.29006	11.9164	0.0013	1.106
57935.29054	11.9050	0.0013	1.105
57935.29103	11.9120	0.0014	1.104
57935.29150	11.9193	0.0014	1.103
57935.29198	11.9069	0.0014	1.102
57935.29247	11.9155	0.0014	1.101
57935.29295	11.9169	0.0014	1.100
57935.29344	11.9160	0.0014	1.099
57935.29391	11.9169	0.0014	1.098
57935.29440	11.9100	0.0014	1.097
57935.29487	11.9126	0.0014	1.096
57935.29536	11.9117	0.0014	1.095
57935.29584	11.9139	0.0013	1.094
57935.29633	11.9170	0.0013	1.093
57935.29681	11.9160	0.0014	1.092
57935.29728	11.9116	0.0014	1.091
57935.29777	11.9118	0.0014	1.091
57935.29824	11.9158	0.0014	1.090
57935.29873	11.9097	0.0014	1.089
57935.29921	11.9222	0.0014	1.088
57935.29969	11.9131	0.0014	1.087
57935.30016	11.9167	0.0014	1.086
57935.30065	11.9079	0.0013	1.085
57935.30112	11.9179	0.0013	1.084
57935.30160	11.9096	0.0012	1.083
57935.30208	11.9170	0.0012	1.082
57935.30256	11.9166	0.0011	1.082
57935.30303	11.9161	0.0010	1.081
57935.30350	11.9139	0.0010	1.080
57935.30397	11.9178	0.0010	1.079
57935.30446	11.9086	0.0010	1.078
57935.30494	11.9175	0.0010	1.078
57935.30542	11.9144	0.0010	1.077
57935.30590	11.9041	0.0010	1.076
57935.30638	11.9155	0.0010	1.075
57935.30686	11.9150	0.0010	1.074
57935.30735	11.9144	0.0011	1.073
57935.30782	11.9106	0.0011	1.073
57935.30830	11.9164	0.0012	1.072
57935.30878	11.9118	0.0014	1.071
57935.30926	11.9113	0.0015	1.070
57935.30975	11.9169	0.0016	1.070
57935.31022	11.9152	0.0016	1.069
57935.31071	11.9152	0.0017	1.068
57935.31118	11.9137	0.0017	1.067
57935.31167	11.9175	0.0018	1.067
57935.31215	11.9203	0.0018	1.066
57935.31263	11.9131	0.0017	1.065
57935.31311	11.9116	0.0017	1.065
57935.31359	11.9064	0.0016	1.064
57935.31407	11.9113	0.0015	1.063
57935.31456	11.9149	0.0015	1.063
57935.31503	11.9097	0.0014	1.062
57935.31552	11.9107	0.0013	1.061
57935.31600	11.9135	0.0012	1.061
57935.31648	11.9089	0.0012	1.060
57935.31696	11.9195	0.0012	1.059
57935.31744	11.9090	0.0012	1.059
57935.31792	11.9191	0.0012	1.058
57935.31840	11.9182	0.0013	1.057
57935.31888	11.9172	0.0014	1.057
57935.31935	11.9168	0.0014	1.056
57935.31984	11.9214	0.0015	1.056
57935.32031	11.9125	0.0016	1.055
57935.32080	11.9146	0.0017	1.054
57935.32127	11.9170	0.0018	1.054
57935.32176	11.9185	0.0019	1.053
57935.32223	11.9122	0.0020	1.053
57935.32272	11.9196	0.0020	1.052
57935.32319	11.9085	0.0020	1.051
57935.32368	11.9134	0.0020	1.051
57935.32417	11.9107	0.0020	1.050
57935.32464	11.9168	0.0019	1.050
57935.32513	11.9151	0.0018	1.049
57935.32561	11.9157	0.0017	1.049
57935.32609	11.9118	0.0015	1.048
57935.32657	11.9046	0.0013	1.048
57935.32706	11.9136	0.0012	1.047
57935.32753	11.9127	0.0011	1.047
57935.32802	11.9111	0.0011	1.046
57935.32850	11.9168	0.0010	1.046
57935.32897	11.9098	0.0010	1.045
57935.32946	11.9176	0.0010	1.045
57935.32994	11.9171	0.0011	1.044
57935.33042	11.9151	0.0011	1.044
57935.33090	11.9115	0.0011	1.043
57935.33138	11.9147	0.0012	1.043
57935.33186	11.9163	0.0012	1.042
57935.33235	11.9127	0.0012	1.042
57935.33282	11.9082	0.0013	1.042
57935.33331	11.9113	0.0014	1.041
57935.33378	11.9151	0.0014	1.041
57935.33427	11.9159	0.0015	1.040
57935.33476	11.9117	0.0015	1.040
57935.33523	11.9132	0.0016	1.039
57935.33572	11.9148	0.0016	1.039
57935.33619	11.9131	0.0016	1.039
57935.33668	11.9224	0.0017	1.038
57935.33715	11.9071	0.0017	1.038
57935.33764	11.9127	0.0017	1.038
57935.33811	11.9115	0.0017	1.037
57935.33860	11.9173	0.0017	1.037
57935.33907	11.9194	0.0017	1.036
57935.33956	11.9136	0.0017	1.036
57935.34003	11.9100	0.0017	1.036
57935.34052	11.9166	0.0017	1.035
57935.34100	11.9134	0.0017	1.035
57935.34148	11.9155	0.0016	1.035
57935.34196	11.9148	0.0016	1.034
57935.34244	11.9139	0.0015	1.034
57935.34292	11.9089	0.0015	1.034
57935.34339	11.9108	0.0014	1.034
57935.34388	11.9108	0.0014	1.033
57935.34435	11.9203	0.0013	1.033
57935.34484	11.9121	0.0013	1.033
57935.34531	11.9161	0.0013	1.032
57935.34580	11.9229	0.0013	1.032
57935.34627	11.9166	0.0013	1.032
57935.34676	11.9103	0.0013	1.032
57935.34723	11.9146	0.0013	1.031
57935.34771	11.9171	0.0013	1.031
57935.34819	11.9074	0.0014	1.031
57935.34868	11.9169	0.0014	1.031
57935.34916	11.9123	0.0013	1.030
57935.34963	11.9168	0.0013	1.030
57935.35012	11.9169	0.0013	1.030
57935.35060	11.9104	0.0012	1.030
57935.35109	11.9113	0.0012	1.030
57935.35156	11.9153	0.0012	1.029
57935.35204	11.9209	0.0012	1.029
57935.35251	11.9172	0.0013	1.029
57935.35299	11.9125	0.0013	1.029
57935.35347	11.9116	0.0014	1.029
57935.35395	11.9115	0.0016	1.029
57935.35443	11.9135	0.0017	1.028
57935.35491	11.9174	0.0018	1.028
57935.35539	11.9113	0.0019	1.028
57935.35587	11.9149	0.0020	1.028
57935.35634	11.9144	0.0021	1.028
57935.35683	11.9166	0.0022	1.028
57935.35730	11.9145	0.0022	1.028
57935.35779	11.9127	0.0022	1.027
57935.35826	11.9181	0.0022	1.027
57935.35875	11.9229	0.0021	1.027
57935.35922	11.9103	0.0021	1.027
57935.35971	11.9123	0.0020	1.027
57935.36020	11.9118	0.0020	1.027
57935.36067	11.9183	0.0020	1.027
57935.36115	11.9142	0.0020	1.027
57935.36163	11.9179	0.0019	1.027
57935.36212	11.9199	0.0019	1.027
57935.36260	11.9095	0.0019	1.027
57935.36308	11.9176	0.0019	1.027
57935.36356	11.9102	0.0018	1.026
57935.36404	11.9069	0.0018	1.026
57935.36451	11.9166	0.0017	1.026
57935.36500	11.9167	0.0017	1.026
57935.36549	11.9106	0.0016	1.026
57935.36596	11.9188	0.0015	1.026
57935.36644	11.9173	0.0014	1.026
57935.36692	11.9113	0.0014	1.026
57935.36741	11.9179	0.0013	1.026
57935.36788	11.9130	0.0013	1.026
57935.36837	11.9143	0.0012	1.026
57935.36885	11.9165	0.0012	1.026
57935.36933	11.9149	0.0012	1.026
57935.36981	11.9157	0.0012	1.026
57935.37029	11.9156	0.0012	1.026
57935.37078	11.9110	0.0013	1.026
57935.37125	11.9151	0.0014	1.027
57935.37174	11.9170	0.0015	1.027
57935.37221	11.9222	0.0015	1.027
57935.37269	11.9104	0.0016	1.027
57935.37317	11.9085	0.0017	1.027
57935.37365	11.9131	0.0017	1.027
57935.37413	11.9156	0.0017	1.027
57935.37461	11.9087	0.0018	1.027
57935.37508	11.9127	0.0018	1.027
57935.37557	11.9202	0.0018	1.027
57935.37604	11.9095	0.0018	1.027
57935.37653	11.9130	0.0019	1.027
57935.37701	11.9119	0.0019	1.028
57935.37749	11.9201	0.0019	1.028
57935.37796	11.9087	0.0019	1.028
57935.37844	11.9162	0.0019	1.028
57935.37892	11.9160	0.0019	1.028
57935.37941	11.9154	0.0019	1.028
57935.37988	11.9153	0.0019	1.028
57935.38037	11.9104	0.0018	1.029
57935.38084	11.9136	0.0018	1.029
57935.38133	11.9147	0.0017	1.029
57935.38182	11.9109	0.0017	1.029
57935.38229	11.9212	0.0016	1.029
57935.38278	11.9110	0.0016	1.029
57935.38325	11.9111	0.0016	1.030
57935.38373	11.9152	0.0016	1.030
57935.38421	11.9078	0.0016	1.030
57935.38469	11.9113	0.0016	1.030
57935.38517	11.9170	0.0016	1.030
57935.38565	11.9132	0.0016	1.031
57935.38612	11.9142	0.0016	1.031
57935.38661	11.9123	0.0015	1.031
57935.38708	11.9151	0.0015	1.031
57935.38757	11.9200	0.0015	1.032
57935.38804	11.9153	0.0014	1.032
57935.38852	11.9119	0.0015	1.032
57935.38900	11.9157	0.0015	1.032
57935.38948	11.9165	0.0015	1.033
57935.38997	11.9170	0.0015	1.033
57935.39045	11.9166	0.0016	1.033
57935.39093	11.9190	0.0016	1.034
57935.39141	11.9164	0.0016	1.034
57935.39189	11.9123	0.0016	1.034
57935.39237	11.9215	0.0016	1.034
57935.39285	11.9160	0.0015	1.035
57935.39332	11.9129	0.0015	1.035
57935.39381	11.9094	0.0014	1.035
57935.39429	11.9192	0.0014	1.036
57935.39478	11.9159	0.0013	1.036
57935.39525	11.9146	0.0013	1.036
57935.39574	11.9106	0.0013	1.037
57935.39623	11.9207	0.0013	1.037
57935.39670	11.9096	0.0014	1.037
57935.39718	11.9163	0.0014	1.038
57935.39766	11.9170	0.0014	1.038
57935.39815	11.9126	0.0014	1.039
57935.39862	11.9116	0.0014	1.039
57935.39910	11.9157	0.0014	1.039
57935.39958	11.9126	0.0014	1.040
57935.40006	11.9107	0.0014	1.040
57935.40053	11.9143	0.0014	1.041
57935.40102	11.9104	0.0014	1.041
57935.40150	11.9178	0.0014	1.041
57935.40198	11.9171	0.0014	1.042
57935.40245	11.9150	0.0015	1.042
57935.40294	11.9189	0.0015	1.043
57935.40341	11.9145	0.0015	1.043
57935.40390	11.9134	0.0015	1.044
57935.40437	11.9149	0.0015	1.044
57935.40486	11.9092	0.0015	1.045
57935.40534	11.9190	0.0015	1.045
57935.40582	11.9138	0.0014	1.046
57935.40628	11.9128	0.0014	1.046
57935.40677	11.9176	0.0013	1.047
57935.40726	11.9163	0.0013	1.047
57935.40773	11.9124	0.0012	1.048
57935.40821	11.9154	0.0012	1.048
57935.40869	11.9100	0.0012	1.049
57935.40917	11.9105	0.0011	1.049
57935.40965	11.9177	0.0011	1.050
57935.41013	11.9085	0.0012	1.050
57935.41061	11.9142	0.0012	1.051
57935.41109	11.9093	0.0012	1.051
57935.41156	11.9138	0.0012	1.052
57935.41205	11.9124	0.0012	1.052
57935.41252	11.9178	0.0012	1.053
57935.41301	11.9106	0.0013	1.054
57935.41350	11.9100	0.0013	1.054
57935.41397	11.9171	0.0014	1.055
57935.41446	11.9165	0.0015	1.055
57935.41493	11.9132	0.0015	1.056
57935.41542	11.9151	0.0016	1.057
57935.41589	11.9222	0.0016	1.057
57935.41638	11.9173	0.0016	1.058
57935.41685	11.9155	0.0016	1.058
57935.41734	11.9087	0.0017	1.059
57935.41781	11.9066	0.0017	1.060
57935.41830	11.9102	0.0017	1.060
57935.41877	11.9151	0.0018	1.061
57935.41926	11.9150	0.0018	1.062
57935.41973	11.9142	0.0019	1.062
57935.42021	11.9167	0.0019	1.063
57935.42069	11.9141	0.0019	1.064
57935.42117	11.9187	0.0019	1.064
57935.42166	11.9187	0.0019	1.065
57935.42213	11.9157	0.0018	1.066
57935.42262	11.9138	0.0018	1.067
57935.42309	11.9176	0.0017	1.067
57935.42356	11.9217	0.0016	1.068
57935.42405	11.9116	0.0016	1.069
57935.42453	11.9111	0.0015	1.069
57935.42500	11.9108	0.0014	1.070
57935.42547	11.9163	0.0014	1.071
57935.42596	11.9094	0.0014	1.072
57935.42644	11.9151	0.0014	1.072
57935.42692	11.9157	0.0014	1.073
57935.42740	11.9165	0.0014	1.074
57935.42788	11.9110	0.0013	1.075
57935.42836	11.9116	0.0013	1.076
57935.42884	11.9114	0.0013	1.076
57935.42932	11.9106	0.0013	1.077
57935.42980	11.9104	0.0012	1.078
57935.43028	11.9192	0.0012	1.079
57935.43076	11.9169	0.0013	1.080
57935.43124	11.9174	0.0013	1.081
57935.43172	11.9194	0.0013	1.081
57935.43221	11.9079	0.0013	1.082
57935.43269	11.9125	0.0013	1.083
57935.43317	11.9170	0.0013	1.084
57935.43365	11.9133	0.0013	1.085
57935.43412	11.9109	0.0012	1.086
57935.43461	11.9155	0.0012	1.087
57935.43509	11.9165	0.0012	1.088
57935.43557	11.9132	0.0012	1.088
57935.43605	11.9095	0.0012	1.089
57935.43653	11.9092	0.0012	1.090
57935.43701	11.9160	0.0012	1.091
57935.43750	11.9143	0.0012	1.092
57935.43797	11.9157	0.0012	1.093
57935.43846	11.9230	0.0012	1.094
57935.43894	11.9194	0.0013	1.095
57935.43941	11.9113	0.0013	1.096
57935.43988	11.9174	0.0013	1.097
57935.44037	11.9144	0.0014	1.098
57935.44086	11.9154	0.0014	1.099
57935.44133	11.9198	0.0014	1.100
57935.44181	11.9187	0.0015	1.101
57935.44229	11.9047	0.0015	1.102
57935.44277	11.9199	0.0015	1.103
57935.44325	11.9124	0.0015	1.104
57935.44373	11.9147	0.0015	1.105
57935.44421	11.9070	0.0015	1.106
57935.44469	11.9211	0.0015	1.107
57935.44516	11.9182	0.0015	1.108
57935.44565	11.9129	0.0015	1.109
57935.44613	11.9176	0.0014	1.110
57935.44661	11.9121	0.0014	1.111
57935.44709	11.9130	0.0014	1.113
57935.44757	11.9094	0.0014	1.114
57935.44804	11.9121	0.0014	1.115
57935.44853	11.9144	0.0014	1.116
57935.44902	11.9147	0.0013	1.117
57935.44949	11.9137	0.0013	1.118
57935.44998	11.9170	0.0012	1.119
57935.45045	11.9097	0.0012	1.120
57935.45094	11.9084	0.0011	1.122
57935.45141	11.9133	0.0010	1.123
57935.45190	11.9138	0.0010	1.124
57935.45237	11.9187	0.0009	1.125
57935.45285	11.9112	0.0009	1.126
57935.45333	11.9190	0.0008	1.128
57935.45381	11.9149	0.0008	1.129
57935.45429	11.9073	0.0008	1.130
57935.45476	11.9169	0.0008	1.131
57935.45523	11.9123	0.0008	1.132
57935.45571	11.9154	0.0008	1.134
57935.45619	11.9159	0.0008	1.135
57935.45667	11.9162	0.0008	1.136
57935.45715	11.9106	0.0009	1.137
57935.45764	11.9132	0.0009	1.139
57935.45811	11.9116	0.0009	1.140
57935.45859	11.9212	0.0009	1.141
57935.45907	11.9220	0.0010	1.143
57935.45956	11.9163	0.0010	1.144
57935.46003	11.9106	0.0010	1.145
57935.46052	11.9134	0.0010	1.147
57935.46100	11.9164	0.0010	1.148
57935.46147	11.9100	0.0010	1.149
57935.46194	11.9150	0.0010	1.151
57935.46243	11.9135	0.0010	1.152
57935.46291	11.9201	0.0010	1.153
57935.46339	11.9175	0.0010	1.155
57935.46387	11.9096	0.0010	1.156
57935.46434	11.9176	0.0010	1.158
57935.46483	11.9148	0.0011	1.159
57935.46531	11.9190	0.0011	1.160
57935.46579	11.9072	0.0012	1.162
57935.46626	11.9159	0.0013	1.163
57935.46675	11.9165	0.0013	1.165
57935.46722	11.9114	0.0014	1.166
57935.46771	11.9134	0.0014	1.168
57935.46819	11.9098	0.0015	1.169
57935.46867	11.9171	0.0016	1.171
57935.46916	11.9155	0.0017	1.172
57935.46963	11.9108	0.0018	1.174
57935.47010	11.9159	0.0020	1.175
57935.47059	11.9141	0.0022	1.177
57935.47106	11.9236	0.0024	1.178
57935.47154	11.9048	0.0027	1.180
57935.47203	11.9123	0.0029	1.182
57935.47250	11.9118	0.0032	1.183
57935.47297	11.9198	0.0033	1.185
57935.47345	11.9151	0.0034	1.186
57935.47394	11.9084	0.0034	1.188
57935.47441	11.9139	0.0060	1.189
