12 header lines (incl this one)
Object: KIC846
UT Date for start of observations: 2017.08.09
Observer: B.Gary
Band: V-band
Telescope: Meade 14" LX200-GPS
CCD: SBIG ST-10XME
Col 1: MJD
Col 2: V-mag
Col 3: SE
Col 4: air mass

57974.11778	11.9163	0.0026	1.345
57974.11825	11.8971	0.0026	1.342
57974.11873	11.9109	0.0026	1.340
57974.11921	11.9043	0.0021	1.337
57974.11969	11.9190	0.0023	1.335
57974.12016	11.9226	0.0024	1.332
57974.12065	11.9183	0.0025	1.329
57974.12112	11.9211	0.0026	1.327
57974.12161	11.9139	0.0026	1.324
57974.12208	11.9176	0.0026	1.322
57974.12257	11.9215	0.0026	1.320
57974.12304	11.9307	0.0025	1.317
57974.12353	11.9154	0.0025	1.315
57974.12400	11.9212	0.0025	1.312
57974.12448	11.9238	0.0026	1.310
57974.12495	11.9122	0.0026	1.308
57974.12544	11.9220	0.0027	1.305
57974.12591	11.9217	0.0028	1.303
57974.12640	11.9256	0.0029	1.300
57974.12688	11.9174	0.0030	1.298
57974.12735	11.9178	0.0030	1.296
57974.12782	11.9128	0.0031	1.294
57974.12830	11.9257	0.0031	1.291
57974.12878	11.9146	0.0031	1.289
57974.12926	11.9160	0.0031	1.287
57974.12975	11.9250	0.0031	1.285
57974.13022	11.9255	0.0031	1.282
57974.13071	11.9159	0.0030	1.280
57974.13118	11.9128	0.0030	1.278
57974.13167	11.9206	0.0030	1.276
57974.13215	11.9219	0.0029	1.274
57974.13263	11.9120	0.0030	1.271
57974.13311	11.9160	0.0030	1.269
57974.13360	11.9284	0.0030	1.267
57974.13407	11.9215	0.0030	1.265
57974.13456	11.9211	0.0029	1.263
57974.13503	11.9215	0.0029	1.261
57974.13551	11.9210	0.0029	1.259
57974.13598	11.9190	0.0028	1.257
57974.13646	11.9217	0.0027	1.255
57974.13694	11.9204	0.0026	1.253
57974.13742	11.9263	0.0025	1.251
57974.14682	11.9198	0.0024	1.213
57974.14729	11.9313	0.0023	1.212
57974.14778	11.9236	0.0022	1.210
57974.14825	11.9179	0.0021	1.208
57974.14873	11.9318	0.0020	1.206
57974.14921	11.9100	0.0019	1.205
57974.14968	11.9198	0.0019	1.203
57974.15016	11.9246	0.0019	1.201
57974.15064	11.9253	0.0019	1.200
57974.15112	11.9193	0.0019	1.198
57974.15160	11.9167	0.0019	1.196
57974.15207	11.9273	0.0019	1.195
57974.15255	11.9170	0.0020	1.193
57974.15303	11.9173	0.0020	1.191
57974.15350	11.9177	0.0020	1.190
57974.15398	11.9333	0.0020	1.188
57974.15446	11.9209	0.0021	1.186
57974.15493	11.9200	0.0021	1.185
57974.15541	11.9185	0.0021	1.183
57974.15589	11.9249	0.0022	1.182
57974.15637	11.9160	0.0023	1.180
57974.15685	11.9230	0.0024	1.179
57974.15733	11.9256	0.0025	1.177
57974.15781	11.9171	0.0026	1.175
57974.15830	11.9125	0.0027	1.174
57974.15877	11.9241	0.0027	1.172
57974.15926	11.9205	0.0027	1.171
57974.15973	11.9145	0.0027	1.169
57974.16021	11.9171	0.0027	1.168
57974.16069	11.9129	0.0026	1.166
57974.16116	11.9222	0.0025	1.165
57974.16164	11.9275	0.0024	1.163
57974.16212	11.9136	0.0023	1.162
57974.16260	11.9227	0.0022	1.161
57974.16308	11.9168	0.0021	1.159
57974.16355	11.9256	0.0020	1.158
57974.16403	11.9218	0.0019	1.156
57974.16450	11.9250	0.0019	1.155
57974.16498	11.9201	0.0018	1.154
57974.16546	11.9183	0.0018	1.152
57974.16594	11.9193	0.0017	1.151
57974.16641	11.9148	0.0017	1.149
57974.16689	11.9236	0.0017	1.148
57974.16736	11.9145	0.0016	1.147
57974.16785	11.9259	0.0016	1.145
57974.17325	11.9214	0.0016	1.131
57974.17373	11.9285	0.0017	1.130
57974.17421	11.9137	0.0017	1.129
57974.17469	11.9220	0.0017	1.127
57974.17516	11.9150	0.0017	1.126
57974.17565	11.9217	0.0017	1.125
57974.17612	11.9235	0.0017	1.124
57974.17660	11.9142	0.0017	1.123
57974.17708	11.9206	0.0016	1.121
57974.17756	11.9240	0.0016	1.120
57974.17803	11.9195	0.0016	1.119
57974.17852	11.9164	0.0015	1.118
57974.17899	11.9270	0.0015	1.117
57974.17948	11.9179	0.0015	1.116
57974.17995	11.9211	0.0015	1.115
57974.18042	11.9236	0.0016	1.114
57974.18090	11.9264	0.0017	1.112
57974.18138	11.9206	0.0018	1.111
57974.18185	11.9168	0.0020	1.110
57974.18234	11.9269	0.0021	1.109
57974.18281	11.9162	0.0022	1.108
57974.18329	11.9206	0.0023	1.107
57974.18377	11.9100	0.0023	1.106
57974.18425	11.9242	0.0024	1.105
57974.18473	11.9253	0.0023	1.104
57974.18522	11.9236	0.0023	1.103
57974.18569	11.9149	0.0022	1.102
57974.18617	11.9168	0.0021	1.101
57974.18666	11.9210	0.0020	1.100
57974.18713	11.9171	0.0019	1.099
57974.18762	11.9173	0.0018	1.098
57974.18810	11.9199	0.0017	1.097
57974.18858	11.9178	0.0016	1.096
57974.18906	11.9190	0.0016	1.095
57974.18954	11.9260	0.0016	1.094
57974.19002	11.9184	0.0017	1.093
57974.19050	11.9287	0.0017	1.092
57974.19098	11.9234	0.0017	1.091
57974.19146	11.9224	0.0018	1.090
57974.19194	11.9170	0.0018	1.089
57974.19242	11.9185	0.0019	1.088
57974.19291	11.9249	0.0019	1.087
57974.19339	11.9203	0.0019	1.087
57974.19387	11.9222	0.0019	1.086
57974.19435	11.9207	0.0019	1.085
57974.19483	11.9188	0.0018	1.084
57974.19531	11.9194	0.0018	1.083
57974.19580	11.9206	0.0017	1.082
57974.19627	11.9251	0.0017	1.081
57974.19676	11.9140	0.0016	1.080
57974.19723	11.9239	0.0016	1.080
57974.19772	11.9173	0.0016	1.079
57974.19821	11.9219	0.0016	1.078
57974.19868	11.9261	0.0016	1.077
57974.19916	11.9211	0.0016	1.076
57974.19964	11.9214	0.0016	1.076
57974.20012	11.9196	0.0016	1.075
57974.20059	11.9203	0.0016	1.074
57974.20696	11.9224	0.0016	1.064
57974.20743	11.9193	0.0016	1.063
57974.20792	11.9187	0.0016	1.063
57974.20888	11.9133	0.0016	1.061
57974.20935	11.9146	0.0017	1.061
57974.20983	11.9206	0.0018	1.060
57974.21031	11.9190	0.0019	1.059
57974.21078	11.9203	0.0020	1.059
57974.21125	11.9273	0.0021	1.058
57974.21174	11.9159	0.0022	1.058
57974.21221	11.9228	0.0022	1.057
57974.21269	11.9275	0.0022	1.056
57974.21317	11.9116	0.0023	1.056
57974.21365	11.9103	0.0022	1.055
57974.21413	11.9228	0.0022	1.055
57974.21461	11.9223	0.0021	1.054
57974.21509	11.9097	0.0020	1.053
57974.21558	11.9227	0.0018	1.053
57974.21605	11.9167	0.0017	1.052
57974.21653	11.9158	0.0016	1.052
57974.21701	11.9202	0.0015	1.051
57974.21749	11.9266	0.0015	1.051
57974.21797	11.9288	0.0015	1.050
57974.21846	11.9244	0.0015	1.049
57974.21894	11.9217	0.0016	1.049
57974.21942	11.9214	0.0017	1.048
57974.21990	11.9187	0.0018	1.048
57974.22038	11.9170	0.0020	1.047
57974.22087	11.9173	0.0021	1.047
57974.22135	11.9231	0.0022	1.046
57974.22183	11.9192	0.0024	1.046
57974.22231	11.9184	0.0025	1.045
57974.22279	11.9228	0.0026	1.045
57974.22328	11.9207	0.0026	1.044
57974.22376	11.9224	0.0026	1.044
57974.22424	11.9194	0.0026	1.043
57974.22472	11.9148	0.0025	1.043
57974.22520	11.9175	0.0024	1.043
57974.22568	11.9277	0.0023	1.042
57974.22616	11.9209	0.0022	1.042
57974.22664	11.9193	0.0021	1.041
57974.22712	11.9285	0.0020	1.041
57974.22759	11.9247	0.0019	1.040
57974.22808	11.9173	0.0018	1.040
57974.22855	11.9217	0.0018	1.040
57974.22904	11.9180	0.0018	1.039
57974.22953	11.9265	0.0018	1.039
57974.23000	11.9268	0.0019	1.038
57974.23049	11.9225	0.0019	1.038
57974.23096	11.9213	0.0019	1.038
57974.23145	11.9172	0.0020	1.037
57974.23193	11.9182	0.0020	1.037
57974.23338	11.9220	0.0020	1.036
57974.23385	11.9277	0.0020	1.036
57974.23434	11.9168	0.0019	1.035
57974.23483	11.9300	0.0019	1.035
57974.23530	11.9143	0.0019	1.035
57974.23578	11.9265	0.0019	1.034
57974.23626	11.9164	0.0019	1.034
57974.23674	11.9220	0.0018	1.034
57974.23722	11.9230	0.0018	1.033
57974.23771	11.9224	0.0018	1.033
57974.23818	11.9203	0.0018	1.033
57974.23867	11.9292	0.0018	1.033
57974.23914	11.9155	0.0018	1.032
57974.23963	11.9166	0.0018	1.032
57974.24010	11.9203	0.0018	1.032
57974.24059	11.9174	0.0017	1.032
57974.24108	11.9129	0.0018	1.031
57974.24155	11.9253	0.0018	1.031
57974.24204	11.9238	0.0018	1.031
57974.24252	11.9273	0.0019	1.031
57974.24300	11.9239	0.0020	1.030
57974.24348	11.9220	0.0021	1.030
57974.24396	11.9180	0.0023	1.030
57974.24444	11.9213	0.0024	1.030
57974.24493	11.9251	0.0025	1.030
57974.24542	11.9178	0.0026	1.029
57974.24638	11.9229	0.0026	1.029
57974.24734	11.9242	0.0026	1.029
57974.24781	11.9210	0.0026	1.028
57974.24830	11.9201	0.0025	1.028
57974.24878	11.9105	0.0024	1.028
57974.24926	11.9202	0.0023	1.028
57974.24975	11.9227	0.0022	1.028
57974.25022	11.9201	0.0021	1.028
57974.25071	11.9212	0.0020	1.028
57974.25214	11.9242	0.0018	1.027
57974.25263	11.9177	0.0017	1.027
57974.25310	11.9251	0.0017	1.027
57974.25359	11.9200	0.0016	1.027
57974.25407	11.9201	0.0016	1.027
57974.25455	11.9214	0.0015	1.027
57974.25503	11.9224	0.0015	1.027
57974.25551	11.9204	0.0015	1.027
57974.25600	11.9190	0.0016	1.027
57974.25647	11.9277	0.0017	1.027
57974.25696	11.9184	0.0018	1.027
57974.25744	11.9279	0.0019	1.026
57974.25792	11.9202	0.0020	1.026
57974.25839	11.9090	0.0021	1.026
57974.25888	11.9273	0.0021	1.026
57974.25935	11.9156	0.0022	1.026
57974.25984	11.9186	0.0023	1.026
57974.26031	11.9137	0.0023	1.026
57974.26079	11.9180	0.0023	1.026
57974.26126	11.9295	0.0023	1.026
57974.26174	11.9160	0.0022	1.026
57974.26222	11.9275	0.0021	1.026
57974.26270	11.9191	0.0021	1.026
57974.26318	11.9263	0.0020	1.026
57974.26365	11.9230	0.0019	1.026
57974.26413	11.9257	0.0019	1.026
57974.26461	11.9240	0.0019	1.027
57974.26509	11.9216	0.0019	1.027
57974.26557	11.9268	0.0019	1.027
57974.26604	11.9178	0.0019	1.027
57974.26652	11.9261	0.0019	1.027
57974.26700	11.9166	0.0020	1.027
57974.26845	11.9164	0.0020	1.027
57974.26892	11.9243	0.0020	1.027
57974.26940	11.9278	0.0020	1.027
57974.26988	11.9246	0.0019	1.027
57974.27037	11.9270	0.0019	1.028
57974.27084	11.9273	0.0018	1.028
57974.27133	11.9254	0.0017	1.028
57974.27182	11.9200	0.0017	1.028
57974.27229	11.9198	0.0016	1.028
57974.27278	11.9246	0.0016	1.028
57974.27325	11.9234	0.0016	1.028
57974.27374	11.9268	0.0016	1.028
57974.27421	11.9136	0.0017	1.029
57974.27470	11.9173	0.0018	1.029
57974.27517	11.9170	0.0020	1.029
57974.27566	11.9174	0.0022	1.029
57974.27613	11.9231	0.0023	1.029
57974.27662	11.9264	0.0025	1.030
57974.27709	11.9181	0.0027	1.030
57974.27757	11.9218	0.0028	1.030
57974.27806	11.9129	0.0029	1.030
57974.27853	11.9236	0.0029	1.030
57974.27902	11.9271	0.0029	1.031
57974.27949	11.9261	0.0027	1.031
57974.27997	11.9195	0.0051	1.031
