12 header lines (incl this one)
Object: KIC846
UT Date for start of observations: 2017.05.21
Observer: B.Gary
Band: V-band
Telescope: Meade 14" LX200-GPS
CCD: SBIG ST-10XME
Col 1: MJD
Col 2: V-mag
Col 3: SE
Col 4: air mass 

57894.18356	11.8997	0.0054	5.253
57894.18407	11.9260	0.0054	5.202
57894.18456	11.9214	0.0039	5.154
57894.18506	11.9321	0.0043	5.105
57894.18606	11.9220	0.0049	5.010
57894.18657	11.8900	0.0051	4.964
57894.18707	11.9014	0.0053	4.919
57894.18757	11.9107	0.0053	4.875
57894.18808	11.9150	0.0053	4.830
57894.18858	11.9340	0.0053	4.788
57894.18909	11.9090	0.0052	4.745
57894.18958	11.9036	0.0051	4.703
57894.19009	11.9164	0.0050	4.662
57894.19059	11.9225	0.0049	4.622
57894.19110	11.9322	0.0048	4.582
57894.19160	11.9308	0.0047	4.543
57894.19209	11.8999	0.0047	4.505
57894.19260	11.9305	0.0046	4.467
57894.19311	11.9082	0.0046	4.430
57894.19361	11.9328	0.0046	4.393
57894.19412	11.9140	0.0045	4.357
57894.19462	11.9266	0.0047	4.322
57894.19513	11.8992	0.0048	4.287
57894.19563	11.9367	0.0050	4.253
57894.19613	11.9439	0.0051	4.218
57894.19663	11.9022	0.0052	4.185
57894.19713	11.9323	0.0053	4.153
57894.19763	11.9018	0.0054	4.121
57894.19813	11.9070	0.0056	4.089
57894.19862	11.9244	0.0057	4.058
57894.19911	11.9131	0.0058	4.028
57894.19962	11.9229	0.0058	3.998
57894.20012	11.9187	0.0057	3.968
57894.20063	11.9293	0.0056	3.938
57894.20112	11.8902	0.0055	3.909
57894.20162	11.9196	0.0054	3.880
57894.20213	11.9191	0.0054	3.852
57894.20263	11.9208	0.0053	3.824
57894.20313	11.9241	0.0051	3.797
57894.20363	11.9079	0.0050	3.769
57894.20414	11.9194	0.0049	3.742
57894.20464	11.8939	0.0048	3.716
57894.20514	11.9184	0.0048	3.690
57894.20560	11.9113	0.0047	3.666
57894.20611	11.9161	0.0046	3.640
57894.20661	11.9154	0.0045	3.615
57894.20712	11.9090	0.0044	3.590
57894.20762	11.9111	0.0044	3.566
57894.20811	11.9205	0.0044	3.542
57894.20861	11.9172	0.0044	3.519
57894.20912	11.9361	0.0044	3.495
57894.20962	11.9174	0.0044	3.472
57894.21012	11.9054	0.0044	3.449
57894.21062	11.9089	0.0044	3.426
57894.21112	11.9427	0.0043	3.404
57894.21162	11.8882	0.0043	3.382
57894.21213	11.9292	0.0042	3.360
57894.21263	11.9351	0.0040	3.339
57894.21314	11.9066	0.0039	3.317
57894.21363	11.9255	0.0038	3.297
57894.21414	11.9202	0.0037	3.276
57894.21463	11.9266	0.0037	3.256
57894.21514	11.9056	0.0036	3.235
57894.21564	11.9141	0.0036	3.216
57894.21613	11.9205	0.0037	3.196
57894.21663	11.9016	0.0037	3.177
57894.21713	11.9461	0.0037	3.158
57894.21763	11.9155	0.0038	3.139
57894.21814	11.9320	0.0039	3.120
57894.21863	11.9028	0.0040	3.101
57894.21913	11.9168	0.0042	3.083
57894.21963	11.9094	0.0044	3.065
57894.22014	11.9288	0.0046	3.047
57894.22064	11.9434	0.0047	3.029
57894.22115	11.9059	0.0048	3.011
57894.22166	11.9040	0.0048	2.994
57894.22215	11.9374	0.0048	2.977
57894.22265	11.9029	0.0047	2.960
57894.22315	11.9099	0.0046	2.943
57894.22365	11.9163	0.0044	2.927
57894.22414	11.9237	0.0042	2.911
57894.22464	11.9293	0.0039	2.895
57894.22515	11.9178	0.0037	2.878
57894.22565	11.9003	0.0035	2.863
57894.22615	11.9078	0.0033	2.847
57894.22666	11.9181	0.0032	2.831
57894.22715	11.9252	0.0031	2.816
57894.22765	11.9421	0.0030	2.801
57894.22816	11.9183	0.0029	2.786
57894.22866	11.9189	0.0028	2.771
57894.22917	11.9334	0.0026	2.756
57894.22966	11.9269	0.0025	2.742
57894.23016	11.9258	0.0024	2.728
57894.23067	11.9110	0.0024	2.713
57894.23118	11.9131	0.0023	2.699
57894.23168	11.9291	0.0023	2.685
57894.23219	11.9321	0.0022	2.671
57894.23269	11.9130	0.0022	2.657
57894.23318	11.9156	0.0022	2.644
57894.23369	11.9107	0.0023	2.630
57894.23419	11.9000	0.0024	2.617
57894.23469	11.9263	0.0026	2.604
57894.23520	11.9357	0.0028	2.591
57894.23569	11.9177	0.0030	2.578
57894.23619	11.9130	0.0032	2.566
57894.23669	11.9173	0.0035	2.553
57894.23720	11.9106	0.0037	2.541
57894.23769	11.9064	0.0039	2.529
57894.23819	11.9253	0.0040	2.516
57894.23869	11.9221	0.0040	2.504
57894.23919	11.9062	0.0039	2.492
57894.23970	11.9275	0.0038	2.480
57894.24020	11.9011	0.0037	2.469
57894.24071	11.9128	0.0036	2.457
57894.24120	11.9161	0.0033	2.445
57894.24170	11.9192	0.0031	2.434
57894.24221	11.9179	0.0029	2.422
57894.24271	11.9189	0.0027	2.411
57894.24322	11.9037	0.0026	2.400
57894.24372	11.9132	0.0025	2.389
57894.24421	11.9099	0.0024	2.378
57894.24472	11.9130	0.0024	2.367
57894.24523	11.9248	0.0024	2.357
57894.24573	11.9121	0.0023	2.346
57894.24623	11.9126	0.0023	2.336
57894.24674	11.9191	0.0023	2.325
57894.24723	11.9228	0.0023	2.315
57894.24774	11.9195	0.0024	2.304
57894.24824	11.9241	0.0026	2.294
57894.24874	11.9141	0.0027	2.285
57894.24924	11.9141	0.0029	2.275
57894.24973	11.9100	0.0031	2.265
57894.25023	11.9170	0.0033	2.255
57894.25074	11.9277	0.0034	2.245
57894.25124	11.9219	0.0035	2.236
57894.25175	11.9278	0.0035	2.226
57894.25225	11.9203	0.0035	2.217
57894.25274	11.9280	0.0034	2.208
57894.25325	11.9209	0.0032	2.198
57894.25375	11.9411	0.0030	2.189
57894.25426	11.9187	0.0028	2.180
57894.25476	11.9125	0.0027	2.171
57894.25527	11.9154	0.0025	2.162
57894.25576	11.9143	0.0025	2.153
57894.25627	11.9162	0.0025	2.144
57894.25677	11.9174	0.0026	2.136
57894.25727	11.9189	0.0027	2.127
57894.25778	11.9327	0.0027	2.119
57894.25828	11.9130	0.0028	2.110
57894.25878	11.9172	0.0028	2.102
57894.25928	11.9249	0.0028	2.093
57894.25978	11.9227	0.0028	2.085
57894.26028	11.9261	0.0028	2.077
57894.26079	11.9054	0.0027	2.069
57894.26128	11.9214	0.0026	2.061
57894.26178	11.9162	0.0024	2.053
57894.26229	11.9340	0.0023	2.045
57894.26279	11.9153	0.0021	2.037
57894.26329	11.9145	0.0021	2.029
57894.26380	11.9208	0.0020	2.022
57894.26429	11.9139	0.0020	2.014
57894.26480	11.9147	0.0021	2.006
57894.26530	11.9149	0.0021	1.999
57894.26580	11.9177	0.0022	1.991
57894.26630	11.9159	0.0023	1.984
57894.26681	11.9223	0.0024	1.977
57894.26731	11.9123	0.0024	1.969
57894.26780	11.9163	0.0025	1.962
57894.26831	11.9198	0.0025	1.955
57894.26881	11.9161	0.0024	1.948
57894.26931	11.9213	0.0024	1.941
57894.26981	11.9238	0.0022	1.934
57894.27032	11.9289	0.0021	1.927
57894.27082	11.9206	0.0020	1.920
57894.27132	11.9279	0.0019	1.913
57894.27183	11.9174	0.0018	1.906
57894.27233	11.9175	0.0018	1.900
57894.27284	11.9209	0.0018	1.893
57894.27333	11.9105	0.0018	1.886
57894.27384	11.9144	0.0019	1.880
57894.27434	11.9102	0.0019	1.873
57894.27485	11.9168	0.0020	1.866
57894.27535	11.9118	0.0021	1.860
57894.27586	11.9174	0.0022	1.854
57894.27635	11.9254	0.0022	1.847
57894.27685	11.9173	0.0023	1.841
57894.27735	11.9239	0.0024	1.835
57894.27786	11.9209	0.0026	1.829
57894.27836	11.9189	0.0028	1.823
57894.27887	11.9144	0.0029	1.817
57894.27936	11.9335	0.0030	1.811
57894.27986	11.9159	0.0031	1.805
57894.28036	11.9189	0.0031	1.799
57894.28087	11.9151	0.0031	1.793
57894.28137	11.9215	0.0030	1.787
57894.28187	11.9170	0.0029	1.781
57894.28237	11.9225	0.0028	1.775
57894.28287	11.9229	0.0027	1.770
57894.28337	11.9091	0.0025	1.764
57894.28387	11.9283	0.0022	1.758
57894.28437	11.9209	0.0020	1.753
57894.28488	11.9207	0.0018	1.747
57894.28538	11.9198	0.0017	1.742
57894.28588	11.9190	0.0016	1.736
57894.28638	11.9227	0.0016	1.731
57894.28689	11.9257	0.0016	1.725
57894.28738	11.9174	0.0016	1.720
57894.28788	11.9217	0.0017	1.715
57894.28838	11.9179	0.0017	1.710
57894.28888	11.9221	0.0018	1.704
57894.28939	11.9176	0.0019	1.699
57894.28988	11.9229	0.0020	1.694
57894.29038	11.9162	0.0020	1.689
57894.29088	11.9167	0.0020	1.684
57894.29138	11.9121	0.0020	1.679
57894.29189	11.9128	0.0019	1.674
57894.29238	11.9197	0.0018	1.669
57894.29288	11.9200	0.0017	1.664
57894.29338	11.9087	0.0016	1.659
57894.29389	11.9179	0.0015	1.654
57894.29439	11.9164	0.0014	1.649
57894.29488	11.9193	0.0014	1.645
57894.29539	11.9241	0.0014	1.640
57894.29588	11.9198	0.0014	1.635
57894.29639	11.9147	0.0014	1.631
57894.29689	11.9203	0.0015	1.626
57894.29738	11.9114	0.0016	1.621
57894.29789	11.9150	0.0016	1.617
57894.29839	11.9257	0.0017	1.612
57894.29890	11.9226	0.0017	1.608
57894.29940	11.9125	0.0017	1.603
57894.29990	11.9184	0.0017	1.599
57894.30041	11.9163	0.0017	1.594
57894.30090	11.9165	0.0017	1.590
57894.30141	11.9291	0.0017	1.585
57894.30191	11.9201	0.0017	1.581
57894.30241	11.9146	0.0017	1.577
57894.30291	11.9123	0.0017	1.573
57894.30341	11.9220	0.0017	1.568
57894.30391	11.9226	0.0018	1.564
57894.30441	11.9152	0.0018	1.560
57894.30492	11.9191	0.0019	1.556
57894.30542	11.9210	0.0019	1.552
57894.30593	11.9150	0.0020	1.547
57894.30642	11.9168	0.0019	1.543
57894.30692	11.9217	0.0019	1.539
57894.30742	11.9217	0.0020	1.535
57894.30793	11.9125	0.0020	1.531
57894.30843	11.9158	0.0020	1.527
57894.30894	11.9230	0.0020	1.523
57894.30943	11.9177	0.0020	1.519
57894.30993	11.9150	0.0019	1.516
57894.31044	11.9113	0.0019	1.512
57894.31094	11.9209	0.0019	1.508
57894.31144	11.9064	0.0020	1.504
57894.31194	11.9184	0.0020	1.500
57894.31244	11.9194	0.0020	1.497
57894.31294	11.9188	0.0020	1.493
57894.31345	11.9216	0.0020	1.489
57894.31395	11.9170	0.0020	1.485
57894.31446	11.9174	0.0019	1.482
57894.31494	11.9186	0.0019	1.478
57894.31545	11.9178	0.0018	1.475
57894.31595	11.9140	0.0018	1.471
57894.31646	11.9164	0.0017	1.467
57894.31696	11.9238	0.0016	1.464
57894.31745	11.9213	0.0015	1.460
57894.31795	11.9109	0.0015	1.457
57894.31845	11.9145	0.0014	1.454
57894.31896	11.9233	0.0014	1.450
57894.31946	11.9224	0.0014	1.447
57894.31997	11.9182	0.0015	1.443
57894.32046	11.9176	0.0015	1.440
57894.32097	11.9175	0.0016	1.437
57894.32147	11.9161	0.0016	1.433
57894.32197	11.9223	0.0016	1.430
57894.32247	11.9242	0.0017	1.427
57894.32296	11.9183	0.0018	1.423
57894.32347	11.9209	0.0018	1.420
57894.32397	11.9158	0.0019	1.417
57894.32448	11.9168	0.0019	1.414
57894.32498	11.9147	0.0020	1.411
57894.32547	11.9150	0.0020	1.407
57894.32597	11.9174	0.0021	1.404
57894.32647	11.9220	0.0021	1.401
57894.32698	11.9279	0.0021	1.398
57894.32748	11.9163	0.0021	1.395
57894.32797	11.9161	0.0020	1.392
57894.32847	11.9123	0.0020	1.389
57894.32897	11.9240	0.0019	1.386
57894.32948	11.9246	0.0018	1.383
57894.32998	11.9159	0.0018	1.380
57894.33047	11.9117	0.0017	1.377
57894.33098	11.9280	0.0017	1.374
57894.33148	11.9299	0.0017	1.371
57894.33198	11.9136	0.0016	1.368
57894.33248	11.9158	0.0016	1.366
57894.33299	11.9139	0.0016	1.363
57894.33348	11.9235	0.0016	1.360
57894.33398	11.9144	0.0016	1.357
57894.33448	11.9147	0.0016	1.354
57894.33499	11.9192	0.0016	1.351
57894.33549	11.9242	0.0015	1.349
57894.33600	11.9138	0.0015	1.346
57894.33649	11.9159	0.0014	1.343
57894.33700	11.9234	0.0014	1.341
57894.33750	11.9195	0.0014	1.338
57894.33801	11.9152	0.0014	1.335
57894.33851	11.9071	0.0014	1.332
57894.33900	11.9210	0.0015	1.330
57894.33951	11.9185	0.0015	1.327
57894.34001	11.9191	0.0015	1.325
57894.34052	11.9163	0.0016	1.322
57894.34102	11.9097	0.0016	1.319
57894.34152	11.9198	0.0016	1.317
57894.34203	11.9233	0.0016	1.314
57894.34252	11.9162	0.0016	1.312
57894.34303	11.9200	0.0015	1.309
57894.34353	11.9236	0.0015	1.307
57894.34403	11.9210	0.0015	1.304
57894.34453	11.9192	0.0015	1.302
57894.34503	11.9131	0.0014	1.299
57894.34553	11.9198	0.0014	1.297
57894.34603	11.9210	0.0014	1.295
57894.34653	11.9135	0.0015	1.292
57894.34704	11.9200	0.0015	1.290
57894.34753	11.9194	0.0016	1.288
57894.34804	11.9194	0.0017	1.285
57894.34855	11.9224	0.0017	1.283
57894.34905	11.9188	0.0018	1.281
57894.34955	11.9215	0.0018	1.278
57894.35005	11.9174	0.0018	1.276
57894.35056	11.9163	0.0018	1.274
57894.35105	11.9207	0.0018	1.271
57894.35156	11.9246	0.0018	1.269
57894.35206	11.9159	0.0017	1.267
57894.35256	11.9146	0.0016	1.265
57894.35307	11.9149	0.0015	1.263
57894.35356	11.9209	0.0015	1.260
57894.35407	11.9206	0.0015	1.258
57894.35457	11.9197	0.0015	1.256
57894.35507	11.9166	0.0015	1.254
57894.35558	11.9137	0.0015	1.252
57894.35608	11.9217	0.0015	1.250
57894.35659	11.9139	0.0016	1.248
57894.35708	11.9205	0.0016	1.245
57894.35758	11.9094	0.0017	1.243
57894.35808	11.9204	0.0017	1.241
57894.35859	11.9136	0.0017	1.239
57894.35910	11.9207	0.0018	1.237
57894.35959	11.9231	0.0018	1.235
57894.36009	11.9202	0.0018	1.233
57894.36059	11.9217	0.0019	1.231
57894.36110	11.9204	0.0018	1.229
57894.36160	11.9151	0.0018	1.227
57894.36209	11.9230	0.0018	1.225
57894.36259	11.9200	0.0018	1.223
57894.36310	11.9101	0.0018	1.221
57894.36360	11.9169	0.0018	1.220
57894.36410	11.9239	0.0018	1.218
57894.36459	11.9110	0.0018	1.216
57894.36510	11.9160	0.0018	1.214
57894.36560	11.9178	0.0017	1.212
57894.36610	11.9124	0.0017	1.210
57894.36660	11.9142	0.0017	1.208
57894.36711	11.9134	0.0017	1.207
57894.36760	11.9160	0.0016	1.205
57894.36811	11.9170	0.0016	1.203
57894.36861	11.9149	0.0015	1.201
57894.36912	11.9188	0.0015	1.199
57894.36962	11.9197	0.0014	1.198
57894.37012	11.9187	0.0014	1.196
57894.37062	11.9138	0.0014	1.194
57894.37112	11.9156	0.0013	1.192
57894.37162	11.9225	0.0014	1.191
57894.37213	11.9143	0.0014	1.189
57894.37263	11.9177	0.0015	1.187
57894.37314	11.9228	0.0015	1.186
57894.37363	11.9154	0.0016	1.184
57894.37414	11.9216	0.0016	1.182
57894.37464	11.9165	0.0016	1.181
57894.37515	11.9235	0.0017	1.179
57894.37565	11.9190	0.0017	1.177
57894.37615	11.9180	0.0017	1.176
57894.37666	11.9290	0.0018	1.174
57894.37715	11.9185	0.0018	1.173
57894.37765	11.9198	0.0018	1.171
57894.37816	11.9156	0.0018	1.169
57894.37867	11.9145	0.0018	1.168
57894.37917	11.9191	0.0019	1.166
57894.37966	11.9129	0.0019	1.165
57894.38016	11.9249	0.0019	1.163
57894.38067	11.9184	0.0019	1.162
57894.38117	11.9130	0.0019	1.160
57894.38168	11.9224	0.0018	1.159
57894.38218	11.9114	0.0018	1.157
57894.38269	11.9186	0.0018	1.156
57894.38318	11.9187	0.0017	1.154
57894.38369	11.9203	0.0017	1.153
57894.38419	11.9214	0.0017	1.151
57894.38470	11.9158	0.0016	1.150
57894.38520	11.9166	0.0016	1.148
57894.38571	11.9209	0.0016	1.147
57894.38622	11.9127	0.0015	1.146
57894.38671	11.9169	0.0015	1.144
57894.38721	11.9144	0.0015	1.143
57894.38771	11.9145	0.0014	1.142
57894.38822	11.9205	0.0014	1.140
57894.38872	11.9135	0.0014	1.139
57894.38922	11.9251	0.0013	1.137
57894.38972	11.9148	0.0013	1.136
57894.39022	11.9134	0.0012	1.135
57894.39072	11.9154	0.0011	1.134
57894.39123	11.9167	0.0010	1.132
57894.39174	11.9193	0.0010	1.131
57894.39223	11.9181	0.0009	1.130
57894.39273	11.9246	0.0009	1.128
57894.39324	11.9246	0.0009	1.127
57894.39374	11.9173	0.0008	1.126
57894.39424	11.9175	0.0008	1.125
57894.39475	11.9152	0.0008	1.123
57894.39524	11.9143	0.0008	1.122
57894.39574	11.9217	0.0008	1.121
57894.39625	11.9149	0.0009	1.120
57894.39675	11.9141	0.0009	1.118
57894.39726	11.9167	0.0010	1.117
57894.39775	11.9196	0.0010	1.116
57894.39825	11.9119	0.0011	1.115
57894.39876	11.9169	0.0012	1.114
57894.39926	11.9225	0.0014	1.113
57894.39977	11.9159	0.0015	1.111
57894.40027	11.9176	0.0016	1.110
57894.40078	11.9168	0.0017	1.109
57894.40127	11.9138	0.0018	1.108
57894.40178	11.9142	0.0019	1.107
57894.40228	11.9204	0.0020	1.106
57894.40279	11.9182	0.0020	1.105
57894.40329	11.9126	0.0021	1.104
57894.40380	11.9163	0.0021	1.103
57894.40429	11.9189	0.0020	1.102
57894.40479	11.9168	0.0020	1.100
57894.40529	11.9184	0.0020	1.099
57894.40579	11.9139	0.0019	1.098
57894.40628	11.9121	0.0019	1.097
57894.40675	11.9160	0.0019	1.096
57894.40725	11.9211	0.0020	1.095
57894.40775	11.9119	0.0021	1.094
57894.40825	11.9172	0.0021	1.093
57894.40876	11.9113	0.0022	1.092
57894.40926	11.9180	0.0023	1.091
57894.40977	11.9171	0.0024	1.090
57894.41027	11.9094	0.0024	1.089
57894.41078	11.9192	0.0024	1.089
57894.41127	11.9141	0.0024	1.088
57894.41178	11.9185	0.0023	1.087
57894.41227	11.9147	0.0022	1.086
57894.41278	11.9191	0.0022	1.085
57894.41328	11.9139	0.0021	1.084
57894.41377	11.9116	0.0019	1.083
57894.41428	11.9180	0.0019	1.082
57894.41478	11.9176	0.0018	1.081
57894.41528	11.9168	0.0017	1.080
57894.41578	11.9203	0.0017	1.079
57894.41627	11.9179	0.0016	1.079
57894.41677	11.9235	0.0016	1.078
57894.41727	11.9200	0.0015	1.077
57894.41777	11.9078	0.0014	1.076
57894.41828	11.9161	0.0013	1.075
57894.41877	11.9186	0.0013	1.074
57894.41927	11.9164	0.0012	1.074
57894.41977	11.9189	0.0011	1.073
57894.42028	11.9152	0.0011	1.072
57894.42078	11.9129	0.0010	1.071
57894.42128	11.9166	0.0010	1.070
57894.42178	11.9110	0.0010	1.070
57894.42229	11.9181	0.0010	1.069
57894.42279	11.9166	0.0010	1.068
57894.42330	11.9097	0.0010	1.067
57894.42380	11.9223	0.0011	1.066
57894.42429	11.9169	0.0011	1.066
57894.42480	11.9200	0.0012	1.065
57894.42530	11.9128	0.0013	1.064
57894.42580	11.9109	0.0014	1.064
57894.42631	11.9188	0.0014	1.063
57894.42831	11.9181	0.0015	1.060
57894.42881	11.9165	0.0016	1.059
57894.42931	11.9160	0.0016	1.059
57894.42981	11.9146	0.0016	1.058
57894.43031	11.9253	0.0016	1.057
57894.43486	11.9179	0.0015	1.052
57894.43536	11.9097	0.0015	1.051
57894.43586	11.9153	0.0014	1.051
57894.43637	11.9187	0.0014	1.050
57894.43686	11.9186	0.0014	1.049
57894.43736	11.9178	0.0014	1.049
57894.43786	11.9155	0.0014	1.048
57894.43837	11.9191	0.0015	1.048
57894.43887	11.9142	0.0016	1.047
57894.43938	11.9259	0.0017	1.047
57894.43987	11.9125	0.0018	1.046
57894.44038	11.9201	0.0018	1.046
57894.44088	11.9119	0.0018	1.045
57894.44138	11.9103	0.0019	1.045
57894.44189	11.9134	0.0019	1.044
57894.44238	11.9128	0.0019	1.044
57894.44288	11.9189	0.0019	1.043
57894.44339	11.9155	0.0019	1.043
57894.44389	11.9156	0.0019	1.042
57894.44440	11.9203	0.0019	1.042
57894.44490	11.9167	0.0019	1.041
57894.44541	11.9134	0.0019	1.041
57894.44590	11.9183	0.0018	1.041
57894.44641	11.9135	0.0018	1.040
57894.44691	11.9120	0.0018	1.040
57894.44742	11.9129	0.0017	1.039
57894.44792	11.9214	0.0016	1.039
57894.44841	11.9208	0.0016	1.038
57894.44891	11.9105	0.0015	1.038
57894.44942	11.9171	0.0014	1.038
57894.44992	11.9172	0.0013	1.037
57894.45043	11.9166	0.0012	1.037
57894.45094	11.9106	0.0012	1.037
57894.45144	11.9112	0.0012	1.036
57894.45193	11.9138	0.0012	1.036
57894.45244	11.9086	0.0012	1.035
57894.45295	11.9194	0.0012	1.035
57894.45345	11.9169	0.0013	1.035
57894.45395	11.9113	0.0014	1.034
57894.45444	11.9173	0.0014	1.034
57894.45494	11.9142	0.0015	1.034
57894.45545	11.9128	0.0015	1.034
57894.45696	11.9161	0.0016	1.033
57894.45745	11.9125	0.0016	1.032
57894.45795	11.9126	0.0016	1.032
57894.45846	11.9188	0.0016	1.032
57894.45896	11.9189	0.0017	1.032
57894.45946	11.9093	0.0017	1.031
57894.45997	11.9182	0.0017	1.031
57894.46046	11.9191	0.0018	1.031
57894.46096	11.9187	0.0018	1.031
57894.46147	11.9165	0.0018	1.030
57894.46197	11.9124	0.0018	1.030
57894.46296	11.9123	0.0018	1.030
57894.46346	11.9152	0.0029	1.029
