12 header lines (incl this one)
Object: KIC846
UT Date for start of observations: 2017.06.02
Observer: B.Gary
Band: V-band
Telescope: Meade 14" LX200-GPS
CCD: SBIG ST-10XME
Col 1: MJD
Col 2: V-mag
Col 3: SE
Col 4: air mass 

57906.20655	11.8924	0.0059	2.489
57906.20705	11.9049	0.0058	2.477
57906.20756	11.9154	0.0057	2.466
57906.20806	11.8975	0.0055	2.454
57906.20856	11.9315	0.0053	2.442
57906.20906	11.9060	0.0050	2.431
57906.20957	11.8885	0.0048	2.420
57906.21008	11.9087	0.0046	2.408
57906.21058	11.8996	0.0046	2.397
57906.21109	11.9207	0.0046	2.386
57906.21159	11.8965	0.0046	2.375
57906.21209	11.8982	0.0046	2.364
57906.21259	11.9166	0.0045	2.354
57906.21310	11.9276	0.0045	2.343
57906.21359	11.9253	0.0046	2.333
57906.21410	11.9241	0.0047	2.322
57906.21459	11.8966	0.0049	2.312
57906.21510	11.9069	0.0050	2.302
57906.21561	11.9348	0.0049	2.292
57906.21611	11.9374	0.0048	2.282
57906.21661	11.8940	0.0046	2.272
57906.21711	11.9125	0.0044	2.262
57906.21762	11.9031	0.0041	2.252
57906.21813	11.9254	0.0038	2.243
57906.21862	11.8991	0.0034	2.233
57906.21913	11.8914	0.0030	2.223
57906.21963	11.9025	0.0027	2.214
57906.22013	11.9030	0.0025	2.205
57906.22064	11.9002	0.0025	2.196
57906.22115	11.9105	0.0026	2.186
57906.22163	11.9174	0.0029	2.178
57906.22214	11.9203	0.0032	2.168
57906.22264	11.9096	0.0035	2.160
57906.22315	11.8993	0.0037	2.151
57906.22365	11.9025	0.0040	2.142
57906.22416	11.8985	0.0042	2.133
57906.22465	11.9232	0.0045	2.125
57906.22515	11.9525	0.0047	2.116
57906.22566	11.9250	0.0049	2.108
57906.22616	11.9187	0.0050	2.099
57906.22667	11.9057	0.0051	2.091
57906.22716	11.9083	0.0051	2.083
57906.22767	11.8975	0.0051	2.074
57906.22817	11.9061	0.0051	2.066
57906.22867	11.9005	0.0051	2.058
57906.22918	11.9175	0.0051	2.050
57906.22969	11.9181	0.0049	2.042
57906.23019	11.9310	0.0047	2.035
57906.23069	11.9178	0.0045	2.027
57906.23119	11.9171	0.0043	2.019
57906.23167	11.8773	0.0040	2.012
57906.23218	11.9051	0.0038	2.004
57906.23267	11.9096	0.0036	1.997
57906.23317	11.9146	0.0035	1.989
57906.23368	11.9158	0.0033	1.982
57906.23418	11.9244	0.0033	1.975
57906.23469	11.9044	0.0033	1.967
57906.23520	11.9019	0.0033	1.960
57906.23569	11.9146	0.0034	1.953
57906.23619	11.9157	0.0035	1.946
57906.23670	11.8994	0.0036	1.939
57906.23721	11.9126	0.0038	1.931
57906.23771	11.9070	0.0040	1.925
57906.23818	11.8925	0.0042	1.918
57906.23868	11.9070	0.0044	1.911
57906.23919	11.9150	0.0045	1.904
57906.23970	11.8972	0.0046	1.898
57906.24020	11.9325	0.0047	1.891
57906.24071	11.9100	0.0047	1.884
57906.24120	11.9261	0.0046	1.878
57906.24171	11.9053	0.0044	1.871
57906.24221	11.8963	0.0042	1.865
57906.24272	11.9167	0.0039	1.858
57906.24322	11.9182	0.0036	1.852
57906.24373	11.9185	0.0034	1.846
57906.24422	11.9109	0.0032	1.839
57906.24472	11.9068	0.0030	1.833
57906.24523	11.9197	0.0029	1.827
57906.24573	11.9198	0.0028	1.821
57906.24623	11.9173	0.0028	1.815
57906.24672	11.8985	0.0029	1.809
57906.24723	11.9052	0.0029	1.803
57906.24773	11.9084	0.0030	1.797
57906.25177	11.9334	0.0031	1.751
57906.25228	11.8980	0.0031	1.745
57906.25278	11.9270	0.0032	1.740
57906.25329	11.9090	0.0031	1.734
57906.25378	11.8935	0.0031	1.729
57906.25428	11.9129	0.0031	1.724
57906.25478	11.9234	0.0031	1.718
57906.25529	11.9041	0.0030	1.713
57906.25579	11.9195	0.0029	1.708
57906.25628	11.9223	0.0028	1.703
57906.25678	11.9156	0.0027	1.698
57906.25729	11.9373	0.0026	1.692
57906.25780	11.9283	0.0025	1.687
57906.25830	11.9080	0.0025	1.682
57906.25880	11.9037	0.0025	1.677
57906.25931	11.9320	0.0026	1.672
57906.25980	11.9141	0.0027	1.667
57906.26031	11.9092	0.0028	1.662
57906.26081	11.9090	0.0029	1.657
57906.26132	11.9088	0.0030	1.652
57906.26182	11.9171	0.0030	1.648
57906.26233	11.9085	0.0029	1.643
57906.26282	11.9267	0.0029	1.638
57906.26333	11.9035	0.0028	1.633
57906.26383	11.9285	0.0027	1.629
57906.26433	11.8930	0.0026	1.624
57906.26484	11.9224	0.0025	1.619
57906.26535	11.9269	0.0023	1.615
57906.26584	11.9002	0.0023	1.610
57906.26634	11.8969	0.0022	1.606
57906.26685	11.9159	0.0021	1.601
57906.26735	11.9211	0.0021	1.597
57906.26785	11.9104	0.0021	1.592
57906.26836	11.9128	0.0020	1.588
57906.26887	11.9072	0.0020	1.583
57906.26936	11.9131	0.0020	1.579
57906.26986	11.9255	0.0020	1.575
57906.27037	11.8929	0.0020	1.571
57906.27087	11.9131	0.0020	1.566
57906.27138	11.9095	0.0021	1.562
57906.27188	11.9128	0.0021	1.558
57906.27238	11.9138	0.0022	1.554
57906.27288	11.9012	0.0023	1.550
57906.27338	11.9116	0.0024	1.546
57906.27389	11.9160	0.0025	1.541
57906.27439	11.9179	0.0026	1.537
57906.27488	11.9125	0.0027	1.534
57906.27539	11.9107	0.0028	1.529
57906.27589	11.9026	0.0029	1.526
57906.27640	11.9268	0.0029	1.522
57906.27690	11.9000	0.0029	1.518
57906.27741	11.9125	0.0028	1.514
57906.27791	11.9139	0.0026	1.510
57906.27840	11.9086	0.0025	1.506
57906.27891	11.9030	0.0023	1.502
57906.27941	11.9140	0.0022	1.499
57906.27992	11.9039	0.0020	1.495
57906.28043	11.9166	0.0019	1.491
57906.28093	11.9128	0.0019	1.487
57906.28142	11.9090	0.0019	1.484
57906.28193	11.9006	0.0019	1.480
57906.28243	11.9233	0.0020	1.476
57906.28294	11.9196	0.0021	1.473
57906.28344	11.9111	0.0022	1.469
57906.28394	11.9031	0.0023	1.466
57906.28444	11.9185	0.0024	1.462
57906.28494	11.8988	0.0025	1.459
57906.28545	11.9197	0.0026	1.455
57906.28595	11.9060	0.0026	1.452
57906.28646	11.8936	0.0027	1.448
57906.28696	11.9302	0.0027	1.445
57906.28747	11.9079	0.0028	1.441
57906.28796	11.9071	0.0029	1.438
57906.28847	11.9119	0.0029	1.435
57906.28897	11.9030	0.0030	1.431
57906.28947	11.9109	0.0031	1.428
57906.28998	11.9091	0.0032	1.425
57906.29047	11.9159	0.0032	1.422
57906.29098	11.9079	0.0033	1.418
57906.29148	11.9043	0.0034	1.415
57906.29198	11.9052	0.0034	1.412
57906.29249	11.9154	0.0034	1.409
57906.29297	11.9118	0.0034	1.406
57906.29348	11.9112	0.0033	1.403
57906.29398	11.9092	0.0033	1.400
57906.29449	11.9130	0.0032	1.396
57906.29499	11.9101	0.0031	1.393
57906.29550	11.9153	0.0030	1.390
57906.29601	11.8996	0.0029	1.387
57906.29650	11.9052	0.0028	1.384
57906.29700	11.9034	0.0028	1.381
57906.29750	11.9120	0.0027	1.378
57906.29801	11.9074	0.0026	1.375
57906.29851	11.9140	0.0026	1.373
57906.29902	11.9137	0.0025	1.370
57906.29951	11.9197	0.0025	1.367
57906.30001	11.9183	0.0024	1.364
57906.30052	11.9206	0.0024	1.361
57906.30103	11.9142	0.0024	1.358
57906.30153	11.9087	0.0023	1.355
57906.30204	11.9105	0.0023	1.353
57906.30253	11.9096	0.0023	1.350
57906.30304	11.9080	0.0023	1.347
57906.30354	11.9085	0.0023	1.344
57906.30405	11.9252	0.0023	1.342
57906.30456	11.9260	0.0022	1.339
57906.30506	11.9108	0.0021	1.336
57906.30556	11.9122	0.0021	1.333
57906.30605	11.9057	0.0020	1.331
57906.30656	11.9120	0.0019	1.328
57906.30707	11.9060	0.0019	1.326
57906.30756	11.9074	0.0019	1.323
57906.30807	11.9134	0.0019	1.320
57906.30856	11.9099	0.0019	1.318
57906.30906	11.9188	0.0019	1.315
57906.30957	11.9048	0.0019	1.313
57906.31007	11.9134	0.0019	1.310
57906.31058	11.9063	0.0019	1.308
57906.31108	11.9099	0.0019	1.305
57906.31159	11.9103	0.0018	1.303
57906.31208	11.9192	0.0018	1.300
57906.31259	11.9242	0.0018	1.298
57906.31310	11.9083	0.0018	1.295
57906.31360	11.9184	0.0019	1.293
57906.31410	11.9150	0.0019	1.291
57906.31461	11.9205	0.0020	1.288
57906.31510	11.9044	0.0021	1.286
57906.31561	11.9080	0.0022	1.284
57906.31611	11.9177	0.0023	1.281
57906.31661	11.9007	0.0023	1.279
57906.31712	11.9050	0.0024	1.277
57906.31763	11.9075	0.0024	1.274
57906.31813	11.9190	0.0024	1.272
57906.31863	11.9006	0.0024	1.270
57906.31913	11.9064	0.0023	1.268
57906.31963	11.9104	0.0023	1.265
57906.32014	11.9060	0.0022	1.263
57906.32064	11.9203	0.0021	1.261
57906.32113	11.9113	0.0020	1.259
57906.32164	11.9128	0.0019	1.257
57906.32214	11.9059	0.0018	1.255
57906.32264	11.9072	0.0018	1.252
57906.32315	11.9136	0.0018	1.250
57906.32366	11.9097	0.0018	1.248
57906.32416	11.9204	0.0018	1.246
57906.32465	11.9187	0.0018	1.244
57906.32516	11.9125	0.0018	1.242
57906.32566	11.9120	0.0018	1.240
57906.32617	11.9154	0.0018	1.238
57906.32668	11.9155	0.0017	1.236
57906.32718	11.9148	0.0017	1.234
57906.32769	11.9029	0.0017	1.232
57906.32818	11.9079	0.0017	1.230
57906.32869	11.9148	0.0016	1.228
57906.32919	11.9051	0.0017	1.226
57906.32970	11.9138	0.0017	1.224
57906.33021	11.9026	0.0018	1.222
57906.33071	11.9038	0.0018	1.220
57906.33122	11.9106	0.0019	1.218
57906.33171	11.9115	0.0019	1.216
57906.33222	11.9135	0.0019	1.214
57906.33273	11.9039	0.0020	1.212
57906.33323	11.9087	0.0020	1.211
57906.33374	11.9116	0.0020	1.209
57906.33424	11.9053	0.0020	1.207
57906.33475	11.9093	0.0019	1.205
57906.33524	11.9145	0.0019	1.203
57906.33575	11.9169	0.0019	1.202
57906.33625	11.9146	0.0019	1.200
57906.33676	11.9200	0.0019	1.198
57906.33727	11.9120	0.0019	1.196
57906.33777	11.9018	0.0019	1.194
57906.33828	11.9137	0.0019	1.193
57906.33877	11.9173	0.0019	1.191
57906.33928	11.9148	0.0019	1.189
57906.33978	11.9105	0.0019	1.188
57906.34029	11.9086	0.0019	1.186
57906.34078	11.9133	0.0019	1.184
57906.34128	11.9086	0.0018	1.183
57906.34178	11.9052	0.0018	1.181
57906.34229	11.9100	0.0017	1.179
57906.34279	11.9181	0.0016	1.178
57906.34326	11.9101	0.0016	1.176
57906.34373	11.9139	0.0015	1.175
57906.34422	11.9176	0.0015	1.173
57906.34473	11.9080	0.0015	1.171
57906.34523	11.9167	0.0015	1.170
57906.34574	11.9127	0.0015	1.168
57906.34625	11.9143	0.0015	1.167
57906.34675	11.9097	0.0015	1.165
57906.34725	11.9149	0.0015	1.164
57906.34775	11.9127	0.0015	1.162
57906.34826	11.9169	0.0015	1.161
57906.34876	11.9113	0.0015	1.159
57906.34926	11.9071	0.0015	1.158
57906.34977	11.9123	0.0015	1.156
57906.35027	11.9186	0.0015	1.155
57906.35078	11.9109	0.0014	1.153
57906.35128	11.9070	0.0013	1.152
57906.35178	11.9046	0.0012	1.150
57906.35229	11.9125	0.0011	1.149
57906.35279	11.9076	0.0010	1.147
57906.35330	11.9104	0.0009	1.146
57906.35381	11.9095	0.0008	1.145
57906.35431	11.9087	0.0008	1.143
57906.35480	11.9079	0.0009	1.142
57906.35531	11.9125	0.0010	1.141
57906.35581	11.9145	0.0011	1.139
57906.35632	11.9155	0.0013	1.138
57906.35682	11.9090	0.0015	1.136
57906.35733	11.9109	0.0016	1.135
57906.35784	11.9179	0.0018	1.134
57906.35833	11.9120	0.0019	1.133
57906.35884	11.9027	0.0020	1.131
57906.35934	11.9153	0.0020	1.130
57906.35985	11.9094	0.0021	1.129
57906.36035	11.9163	0.0021	1.127
57906.36086	11.9111	0.0020	1.126
57906.36137	11.9097	0.0019	1.125
57906.36186	11.9048	0.0019	1.124
57906.36237	11.9115	0.0018	1.122
57906.36288	11.9095	0.0016	1.121
57906.36338	11.9165	0.0015	1.120
57906.36389	11.9073	0.0014	1.119
57906.36439	11.9070	0.0013	1.118
57906.36488	11.9128	0.0012	1.116
57906.36538	11.9132	0.0011	1.115
57906.36588	11.9120	0.0011	1.114
57906.36639	11.9184	0.0011	1.113
57906.36689	11.9097	0.0011	1.112
57906.36740	11.9113	0.0012	1.111
57906.36786	11.9181	0.0013	1.110
57906.36837	11.9033	0.0014	1.108
57906.36887	11.9138	0.0014	1.107
57906.36937	11.9056	0.0015	1.106
57906.36987	11.9058	0.0015	1.105
57906.37037	11.9068	0.0016	1.104
57906.37088	11.9040	0.0016	1.103
57906.37139	11.9130	0.0016	1.102
57906.37189	11.9121	0.0016	1.101
57906.37240	11.9085	0.0017	1.100
57906.37289	11.9094	0.0017	1.099
57906.37340	11.9142	0.0017	1.098
57906.37391	11.9106	0.0017	1.097
57906.37441	11.9162	0.0018	1.096
57906.37492	11.9022	0.0018	1.095
57906.37543	11.9190	0.0019	1.094
57906.37593	11.9145	0.0019	1.093
57906.37644	11.9133	0.0020	1.092
57906.37693	11.9097	0.0020	1.091
57906.37743	11.9135	0.0020	1.090
57906.37794	11.9084	0.0020	1.089
57906.37845	11.9120	0.0020	1.088
57906.37895	11.9136	0.0019	1.087
57906.37944	11.9098	0.0019	1.086
57906.37995	11.9151	0.0018	1.085
57906.38045	11.9102	0.0018	1.084
57906.38096	11.9131	0.0018	1.083
57906.38147	11.9145	0.0018	1.082
57906.38198	11.9151	0.0018	1.081
57906.38248	11.9099	0.0019	1.080
57906.38297	11.9071	0.0019	1.079
57906.38348	11.9085	0.0020	1.079
57906.38398	11.9124	0.0020	1.078
57906.38449	11.9091	0.0021	1.077
57906.38499	11.9134	0.0021	1.076
57906.38550	11.9059	0.0021	1.075
57906.38601	11.9056	0.0020	1.074
57906.38650	11.9061	0.0020	1.074
57906.38700	11.9137	0.0020	1.073
57906.38750	11.9148	0.0019	1.072
57906.38801	11.9103	0.0019	1.071
57906.38851	11.9061	0.0019	1.070
57906.38902	11.9153	0.0019	1.070
57906.38951	11.9085	0.0019	1.069
57906.39002	11.9103	0.0019	1.068
57906.39052	11.9085	0.0019	1.067
57906.39103	11.9089	0.0019	1.066
57906.39153	11.9058	0.0020	1.066
57906.39204	11.9137	0.0020	1.065
57906.39253	11.9142	0.0021	1.064
57906.39304	11.9134	0.0021	1.064
57906.39355	11.9087	0.0022	1.063
57906.39405	11.9114	0.0022	1.062
57906.39456	11.9147	0.0023	1.061
57906.39506	11.9173	0.0023	1.061
57906.39556	11.9161	0.0022	1.060
57906.39606	11.9131	0.0022	1.059
57906.39656	11.9071	0.0022	1.059
57906.39707	11.9147	0.0021	1.058
57906.39757	11.9163	0.0020	1.057
57906.39808	11.9061	0.0020	1.057
57906.39858	11.9086	0.0019	1.056
57906.39909	11.9129	0.0018	1.055
57906.39958	11.9112	0.0018	1.055
57906.40008	11.9163	0.0018	1.054
57906.40059	11.9083	0.0018	1.054
57906.40110	11.9086	0.0018	1.053
57906.40161	11.9077	0.0019	1.052
57906.40211	11.9095	0.0019	1.052
57906.40262	11.9116	0.0019	1.051
57906.40311	11.9099	0.0020	1.051
57906.40362	11.9120	0.0020	1.050
57906.40412	11.9174	0.0020	1.049
57906.40463	11.9066	0.0020	1.049
57906.40513	11.9081	0.0020	1.048
57906.40564	11.9080	0.0020	1.048
57906.40615	11.9075	0.0020	1.047
57906.40664	11.9078	0.0020	1.047
57906.40715	11.9076	0.0020	1.046
57906.40765	11.9076	0.0021	1.046
57906.40816	11.9027	0.0021	1.045
57906.40866	11.9066	0.0022	1.045
57906.40917	11.9132	0.0022	1.044
57906.40966	11.9136	0.0022	1.044
57906.41014	11.9135	0.0023	1.043
57906.41064	11.9070	0.0023	1.043
57906.41115	11.9102	0.0022	1.042
57906.41164	11.9079	0.0022	1.042
57906.41214	11.9081	0.0021	1.041
57906.41265	11.9105	0.0020	1.041
57906.41315	11.9110	0.0018	1.041
57906.41365	11.9072	0.0017	1.040
57906.41416	11.9166	0.0016	1.040
57906.41466	11.9143	0.0015	1.039
57906.41516	11.9119	0.0015	1.039
57906.41567	11.9095	0.0015	1.038
57906.41617	11.9075	0.0015	1.038
57906.41667	11.9103	0.0015	1.038
57906.41718	11.9104	0.0016	1.037
57906.41769	11.9121	0.0017	1.037
57906.41818	11.9105	0.0018	1.037
57906.41869	11.9108	0.0018	1.036
57906.41919	11.9079	0.0019	1.036
57906.41970	11.9130	0.0019	1.035
57906.42020	11.9140	0.0019	1.035
57906.42071	11.9102	0.0020	1.035
57906.42122	11.9076	0.0020	1.034
57906.42171	11.9121	0.0020	1.034
57906.42222	11.9150	0.0020	1.034
57906.42272	11.9054	0.0020	1.034
57906.42323	11.9073	0.0020	1.033
57906.42374	11.9080	0.0021	1.033
57906.42424	11.9113	0.0021	1.033
57906.42475	11.9128	0.0021	1.032
57906.42524	11.9129	0.0021	1.032
57906.42574	11.9174	0.0021	1.032
57906.42624	11.9081	0.0020	1.032
57906.42674	11.9111	0.0020	1.031
57906.42725	11.9128	0.0020	1.031
57906.42775	11.9120	0.0019	1.031
57906.42825	11.9115	0.0018	1.031
57906.42875	11.9104	0.0017	1.030
57906.42926	11.9171	0.0016	1.030
57906.42976	11.9053	0.0015	1.030
57906.43027	11.9070	0.0014	1.030
57906.43076	11.9176	0.0014	1.029
57906.43127	11.9181	0.0013	1.029
57906.43177	11.9121	0.0012	1.029
57906.43227	11.9072	0.0011	1.029
57906.43278	11.9061	0.0011	1.029
57906.43328	11.9048	0.0011	1.029
57906.43378	11.9121	0.0011	1.028
57906.43527	11.9146	0.0012	1.028
57906.43578	11.9188	0.0013	1.028
57906.43627	11.9099	0.0015	1.028
57906.43678	11.9113	0.0016	1.028
57906.43728	11.9160	0.0018	1.027
57906.43778	11.9127	0.0019	1.027
57906.43829	11.9177	0.0020	1.027
57906.43878	11.9035	0.0022	1.027
57906.43929	11.9122	0.0023	1.027
57906.43980	11.9016	0.0023	1.027
57906.44030	11.9040	0.0024	1.027
57906.44080	11.9114	0.0024	1.027
57906.44130	11.9096	0.0024	1.027
57906.44179	11.9059	0.0024	1.027
57906.44229	11.9121	0.0024	1.027
57906.44280	11.9105	0.0023	1.026
57906.44330	11.9102	0.0022	1.026
57906.44380	11.9075	0.0021	1.026
57906.44431	11.9131	0.0020	1.026
57906.44480	11.9091	0.0018	1.026
57906.44531	11.9065	0.0017	1.026
57906.44582	11.9137	0.0015	1.026
57906.44632	11.9071	0.0014	1.026
57906.44682	11.9094	0.0013	1.026
57906.44733	11.9105	0.0012	1.026
57906.44782	11.9136	0.0012	1.026
57906.44833	11.9088	0.0013	1.026
57906.44883	11.9118	0.0013	1.026
57906.44934	11.9066	0.0013	1.026
57906.44984	11.9091	0.0014	1.026
57906.45035	11.9100	0.0014	1.027
57906.45084	11.9106	0.0014	1.027
57906.45135	11.9115	0.0013	1.027
57906.45186	11.9086	0.0013	1.027
57906.45236	11.9083	0.0013	1.027
57906.45286	11.9185	0.0013	1.027
57906.45337	11.9059	0.0013	1.027
57906.45387	11.9098	0.0013	1.027
57906.45438	11.9103	0.0013	1.027
57906.45487	11.9067	0.0014	1.027
57906.45538	11.9092	0.0015	1.027
57906.45588	11.9171	0.0015	1.027
57906.45639	11.9147	0.0016	1.028
57906.45690	11.9132	0.0017	1.028
57906.45740	11.9081	0.0018	1.028
57906.45789	11.9098	0.0018	1.028
57906.45839	11.9114	0.0019	1.028
57906.45890	11.9116	0.0019	1.028
57906.45940	11.9059	0.0019	1.028
57906.45991	11.9142	0.0018	1.029
57906.46041	11.9087	0.0018	1.029
57906.46091	11.9102	0.0017	1.029
57906.46141	11.9043	0.0016	1.029
57906.46191	11.9057	0.0016	1.029
57906.46242	11.9091	0.0015	1.030
57906.46293	11.9072	0.0014	1.030
57906.46343	11.9138	0.0014	1.030
57906.46394	11.9099	0.0014	1.030
57906.46443	11.9120	0.0013	1.030
57906.46494	11.9116	0.0013	1.031
57906.46544	11.9053	0.0013	1.031
57906.46595	11.9094	0.0013	1.031
57906.46645	11.9126	0.0013	1.031
57906.46694	11.9137	0.0014	1.032
57906.46745	11.9096	0.0014	1.032
57906.46795	11.9095	0.0014	1.032
57906.46846	11.9070	0.0015	1.033
57906.46896	11.9156	0.0015	1.033
57906.46947	11.9151	0.0016	1.033
57906.46997	11.9140	0.0016	1.033
57906.47047	11.9127	0.0016	1.034
57906.47097	11.9109	0.0016	1.034
57906.47147	11.9121	0.0015	1.034
57906.47198	11.9067	0.0015	1.035
57906.47248	11.9173	0.0031	1.035
