12 header lines (incl this one)
Object: KIC846
UT Date for start of observations: 2017.08.07
Observer: B.Gary
Band: V-band
Telescope: Meade 14" LX200-GPS
CCD: SBIG ST-10XME
Col 1: MJD
Col 2: V-mag
Col 3: SE
Col 4: air mass

57972.11937	11.9228	0.0037	1.366
57972.11986	11.9202	0.0037	1.364
57972.12034	11.9166	0.0038	1.361
57972.12082	11.9237	0.0032	1.358
57972.12130	11.9163	0.0034	1.355
57972.12178	11.9125	0.0035	1.353
57972.12226	11.9168	0.0036	1.350
57972.12274	11.9052	0.0037	1.347
57972.12322	11.9128	0.0037	1.345
57972.12370	11.9185	0.0037	1.342
57972.12419	11.9229	0.0036	1.340
57972.12466	11.9261	0.0036	1.337
57972.12515	11.9003	0.0035	1.335
57972.12562	11.9137	0.0034	1.332
57972.12611	11.9258	0.0033	1.329
57972.12660	11.9051	0.0033	1.327
57972.12707	11.9100	0.0033	1.324
57972.12756	11.9110	0.0033	1.322
57972.12803	11.9200	0.0034	1.320
57972.12899	11.9055	0.0035	1.315
57972.12947	11.9190	0.0036	1.312
57972.12994	11.9196	0.0037	1.310
57972.13043	11.9269	0.0037	1.307
57972.13090	11.9205	0.0038	1.305
57972.13139	11.9071	0.0038	1.303
57972.13187	11.9102	0.0039	1.300
57972.13235	11.9329	0.0040	1.298
57972.13284	11.9229	0.0040	1.296
57972.13330	11.9258	0.0040	1.294
57972.13378	11.9181	0.0040	1.291
57972.13426	11.9391	0.0040	1.289
57972.13473	11.9080	0.0040	1.287
57972.13522	11.9166	0.0040	1.284
57972.13569	11.9136	0.0040	1.282
57972.13617	11.9208	0.0040	1.280
57972.13666	11.9197	0.0040	1.278
57972.13714	11.9230	0.0040	1.276
57972.13762	11.9161	0.0040	1.273
57972.13810	11.9299	0.0040	1.271
57972.13858	11.9181	0.0039	1.269
57972.13906	11.9138	0.0038	1.267
57972.13955	11.9158	0.0037	1.265
57972.14002	11.9242	0.0035	1.263
57972.14051	11.9255	0.0033	1.261
57972.14100	11.9049	0.0031	1.259
57972.14147	11.9319	0.0028	1.257
57972.14194	11.9038	0.0027	1.255
57972.14243	11.9187	0.0026	1.252
57972.14291	11.9117	0.0025	1.250
57972.14338	11.9149	0.0026	1.248
57972.14385	11.9147	0.0027	1.247
57972.14433	11.9113	0.0030	1.245
57972.14480	11.9122	0.0032	1.243
57972.14529	11.9239	0.0035	1.241
57972.14578	11.9049	0.0037	1.239
57972.14625	11.9113	0.0039	1.237
57972.14671	11.9043	0.0040	1.235
57972.14720	11.9087	0.0040	1.233
57972.14767	11.9118	0.0040	1.231
57972.14816	11.9070	0.0039	1.229
57972.14863	11.9131	0.0038	1.227
57972.14912	11.9120	0.0036	1.225
57972.14959	11.9213	0.0033	1.224
57972.20172	11.9247	0.0031	1.081
57972.20221	11.9214	0.0028	1.080
57972.20269	11.9216	0.0025	1.080
57972.20316	11.9150	0.0023	1.079
57972.20365	11.9190	0.0022	1.078
57972.20412	11.9249	0.0021	1.077
57972.20461	11.9156	0.0021	1.076
57972.20508	11.9158	0.0021	1.076
57972.20556	11.9188	0.0021	1.075
57972.20603	11.9228	0.0021	1.074
57972.20652	11.9142	0.0021	1.073
57972.20699	11.9272	0.0021	1.072
57972.20748	11.9243	0.0021	1.072
57972.20795	11.9150	0.0021	1.071
57972.20844	11.9192	0.0021	1.070
57972.20891	11.9209	0.0020	1.069
57972.20940	11.9198	0.0019	1.069
57972.21036	11.9163	0.0019	1.067
57972.21084	11.9164	0.0018	1.066
57972.21132	11.9206	0.0019	1.066
57972.21181	11.9163	0.0019	1.065
57972.21229	11.9136	0.0020	1.064
57972.21277	11.9158	0.0022	1.064
57972.21325	11.9318	0.0023	1.063
57972.21373	11.9234	0.0023	1.062
57972.21420	11.9250	0.0024	1.062
57972.21469	11.9201	0.0025	1.061
57972.21516	11.9161	0.0025	1.060
57972.21565	11.9189	0.0026	1.060
57972.21612	11.9153	0.0026	1.059
57972.21660	11.9248	0.0025	1.058
57972.21708	11.9246	0.0024	1.058
57972.21756	11.9125	0.0024	1.057
57972.21804	11.9242	0.0023	1.056
57972.21852	11.9138	0.0023	1.056
57972.22910	11.9223	0.0022	1.044
57972.22957	11.9234	0.0022	1.044
57972.23006	11.9238	0.0021	1.043
57972.23053	11.9233	0.0021	1.043
57972.23102	11.9187	0.0021	1.042
57972.23149	11.9218	0.0021	1.042
57972.23198	11.9229	0.0021	1.041
57972.23392	11.9171	0.0021	1.040
57972.23440	11.9135	0.0021	1.039
57972.23583	11.9249	0.0021	1.038
57972.23631	11.9140	0.0021	1.038
57972.23728	11.9176	0.0022	1.037
57972.23775	11.9191	0.0022	1.037
57972.23872	11.9246	0.0023	1.036
57972.23919	11.9233	0.0023	1.036
57972.23966	11.9268	0.0024	1.035
57972.24112	11.9168	0.0024	1.034
57972.24256	11.9189	0.0025	1.033
57972.24352	11.9170	0.0025	1.033
57972.24400	11.9179	0.0025	1.033
57972.24448	11.9205	0.0025	1.032
57972.24591	11.9186	0.0025	1.032
57972.24639	11.9224	0.0025	1.031
57972.24975	11.9135	0.0025	1.030
57972.25022	11.9225	0.0025	1.030
57972.25071	11.9188	0.0025	1.029
57972.25118	11.9047	0.0025	1.029
57972.25167	11.9205	0.0026	1.029
57972.25214	11.9157	0.0027	1.029
57972.25262	11.9298	0.0028	1.029
57972.25310	11.9210	0.0029	1.029
57972.25359	11.9312	0.0030	1.028
57972.25406	11.9226	0.0031	1.028
57972.25455	11.9249	0.0032	1.028
57972.25503	11.9160	0.0033	1.028
57972.25551	11.9189	0.0033	1.028
57972.25600	11.9288	0.0032	1.028
57972.25647	11.9162	0.0031	1.028
57972.25693	11.9103	0.0030	1.027
57972.25741	11.9243	0.0029	1.027
57972.25788	11.9200	0.0027	1.027
57972.25837	11.9242	0.0026	1.027
57972.25884	11.9173	0.0025	1.027
57972.25932	11.9251	0.0024	1.027
57972.25980	11.9202	0.0023	1.027
57972.26219	11.9185	0.0023	1.027
57972.26266	11.9235	0.0023	1.026
57972.26315	11.9196	0.0023	1.026
57972.26362	11.9229	0.0024	1.026
57972.26410	11.9172	0.0024	1.026
57972.26458	11.9159	0.0025	1.026
57972.26506	11.9275	0.0025	1.026
57972.26554	11.9179	0.0025	1.026
57972.26602	11.9227	0.0024	1.026
57972.26794	11.9276	0.0050	1.026
