12 header lines (incl this one)
Object: KIC846
UT Date for start of observations: 2017.06.30
Observer: B.Gary
Band: V-band
Telescope: Meade 14" LX200-GPS
CCD: SBIG ST-10XME
Col 1: MJD
Col 2: V-mag
Col 3: SE
Col 4: air mass

57934.13602	11.9031	0.0050	2.356
57934.13650	11.9133	0.0032	2.346
57934.13698	11.9112	0.0036	2.336
57934.13745	11.9131	0.0040	2.326
57934.13794	11.9220	0.0044	2.316
57934.13841	11.9139	0.0047	2.307
57934.13890	11.9256	0.0050	2.297
57934.13937	11.9080	0.0051	2.287
57934.13986	11.9176	0.0052	2.278
57934.14034	11.9111	0.0052	2.268
57934.14082	11.9059	0.0052	2.259
57934.14130	11.9244	0.0051	2.250
57934.14177	11.9110	0.0050	2.241
57934.14226	11.9124	0.0049	2.231
57934.14273	11.9065	0.0047	2.223
57934.14321	11.9096	0.0046	2.214
57934.14369	11.9192	0.0045	2.205
57934.14417	11.9082	0.0044	2.196
57934.14464	11.9129	0.0044	2.187
57934.14513	11.9191	0.0043	2.178
57934.14560	11.9047	0.0043	2.170
57934.14609	11.9174	0.0042	2.161
57934.14656	11.9164	0.0042	2.153
57934.14705	11.9220	0.0041	2.144
57934.14752	11.9129	0.0040	2.136
57934.14801	11.9182	0.0038	2.128
57934.14848	11.9019	0.0036	2.120
57934.14896	11.9231	0.0035	2.112
57934.14943	11.9037	0.0033	2.104
57934.14992	11.9070	0.0031	2.096
57934.15039	11.9142	0.0029	2.088
57934.15088	11.9063	0.0027	2.080
57934.15135	11.9199	0.0026	2.072
57934.15183	11.9187	0.0024	2.065
57934.15230	11.9150	0.0023	2.057
57934.15279	11.9160	0.0023	2.049
57934.15326	11.9080	0.0022	2.042
57934.15374	11.9043	0.0022	2.034
57934.15421	11.9027	0.0023	2.027
57934.15470	11.9182	0.0025	2.020
57934.15517	11.9044	0.0028	2.012
57934.15565	11.9248	0.0031	2.005
57934.15613	11.9104	0.0033	1.998
57934.15661	11.9167	0.0035	1.991
57934.15709	11.9004	0.0036	1.984
57934.15757	11.9069	0.0037	1.977
57934.15804	11.9154	0.0038	1.970
57934.15853	11.9089	0.0037	1.963
57934.15900	11.9099	0.0037	1.956
57934.15949	11.9008	0.0035	1.949
57934.15997	11.9210	0.0032	1.943
57934.16045	11.9239	0.0030	1.936
57934.16093	11.9129	0.0027	1.929
57934.16141	11.9173	0.0025	1.922
57934.16189	11.8993	0.0024	1.916
57934.16236	11.9100	0.0022	1.910
57934.16285	11.9127	0.0021	1.903
57934.16333	11.9165	0.0021	1.897
57934.16381	11.9226	0.0021	1.890
57934.16429	11.9061	0.0021	1.884
57934.16477	11.9198	0.0022	1.878
57934.16524	11.9112	0.0022	1.871
57934.16573	11.9095	0.0023	1.865
57934.16620	11.9062	0.0023	1.859
57934.16669	11.9098	0.0024	1.853
57934.16716	11.9028	0.0024	1.847
57934.16765	11.9128	0.0024	1.841
57934.16812	11.9090	0.0023	1.835
57934.16861	11.9146	0.0022	1.829
57934.16909	11.9078	0.0021	1.823
57934.16957	11.9198	0.0020	1.817
57934.17005	11.9043	0.0018	1.812
57934.17052	11.9148	0.0017	1.806
57934.17101	11.9116	0.0016	1.800
57934.17197	11.9121	0.0015	1.789
57934.17245	11.9093	0.0014	1.783
57934.17293	11.9172	0.0014	1.778
57934.17341	11.9200	0.0014	1.772
57934.17390	11.9033	0.0014	1.767
57934.17437	11.9183	0.0014	1.762
57934.17486	11.9171	0.0014	1.756
57934.17534	11.9095	0.0014	1.751
57934.17582	11.9191	0.0014	1.745
57934.17630	11.8993	0.0014	1.740
57934.17678	11.9032	0.0015	1.735
57934.17727	11.9147	0.0015	1.730
57934.17774	11.9094	0.0016	1.725
57934.17822	11.9153	0.0016	1.720
57934.17869	11.9159	0.0017	1.715
57934.17918	11.9108	0.0017	1.709
57934.17966	11.9139	0.0017	1.704
57934.18014	11.9132	0.0018	1.699
57934.18061	11.9074	0.0018	1.695
57934.18110	11.9153	0.0018	1.690
57934.18157	11.9103	0.0018	1.685
57934.18206	11.9029	0.0019	1.680
57934.18253	11.9107	0.0019	1.675
57934.18302	11.9158	0.0020	1.670
57934.18348	11.9099	0.0020	1.666
57934.18397	11.9061	0.0021	1.661
57934.18444	11.9076	0.0021	1.656
57934.18493	11.9138	0.0021	1.652
57934.18542	11.9100	0.0022	1.647
57934.18589	11.9196	0.0022	1.643
57934.18638	11.9074	0.0022	1.638
57934.18685	11.9187	0.0022	1.634
57934.18734	11.9078	0.0022	1.629
57934.18781	11.9109	0.0022	1.625
57934.18830	11.9088	0.0022	1.620
57934.18878	11.9126	0.0022	1.616
57934.18926	11.9140	0.0022	1.611
57934.18973	11.9179	0.0022	1.607
57934.19022	11.9139	0.0022	1.603
57934.19071	11.9144	0.0023	1.598
57934.19118	11.9133	0.0023	1.594
57934.19167	11.9150	0.0022	1.590
57934.19214	11.9148	0.0022	1.586
57934.19262	11.9083	0.0022	1.582
57934.19310	11.9057	0.0021	1.578
57934.19358	11.9050	0.0020	1.573
57934.19406	11.9131	0.0019	1.569
57934.19455	11.9068	0.0019	1.565
57934.19502	11.9151	0.0018	1.561
57934.19551	11.9176	0.0017	1.557
57934.19598	11.9146	0.0016	1.553
57934.19647	11.9061	0.0016	1.549
57934.19696	11.9074	0.0016	1.545
57934.19743	11.9198	0.0016	1.542
57934.19792	11.9095	0.0016	1.538
57934.19839	11.9113	0.0017	1.534
57934.19888	11.9119	0.0017	1.530
57934.19936	11.9108	0.0018	1.526
57934.19983	11.9162	0.0019	1.523
57934.20031	11.9057	0.0019	1.519
57934.20080	11.9108	0.0019	1.515
57934.20127	11.9229	0.0019	1.511
57934.20175	11.9168	0.0018	1.508
57934.20223	11.9160	0.0018	1.504
57934.20270	11.9106	0.0018	1.501
57934.20318	11.9057	0.0018	1.497
57934.20367	11.9170	0.0018	1.493
57934.20414	11.9111	0.0018	1.490
57934.20463	11.9104	0.0018	1.486
57934.20510	11.9171	0.0018	1.483
57934.20559	11.9147	0.0018	1.479
57934.20606	11.9071	0.0018	1.476
57934.20655	11.9155	0.0018	1.472
57934.20703	11.9155	0.0018	1.469
57934.20751	11.9120	0.0018	1.466
57934.20800	11.9083	0.0018	1.462
57934.20847	11.9111	0.0018	1.459
57934.20895	11.9158	0.0018	1.456
57934.20943	11.9158	0.0018	1.452
57934.20992	11.9127	0.0017	1.449
57934.21041	11.9106	0.0017	1.446
57934.21088	11.9125	0.0016	1.442
57934.21137	11.9069	0.0016	1.439
57934.21184	11.9172	0.0015	1.436
57934.21233	11.9183	0.0015	1.433
57934.21280	11.9153	0.0014	1.430
57934.21328	11.9184	0.0014	1.427
57934.21376	11.9110	0.0014	1.423
57934.21424	11.9118	0.0014	1.420
57934.21471	11.9117	0.0015	1.417
57934.21519	11.9114	0.0016	1.414
57934.21567	11.9061	0.0017	1.411
57934.21615	11.9129	0.0018	1.408
57934.21663	11.9124	0.0020	1.405
57934.21711	11.9170	0.0021	1.402
57934.21758	11.9137	0.0022	1.399
57934.21807	11.9165	0.0024	1.396
57934.21854	11.9145	0.0025	1.393
57934.21903	11.9088	0.0026	1.390
57934.21950	11.9068	0.0026	1.388
57934.21998	11.9163	0.0027	1.385
57934.22045	11.9192	0.0027	1.382
57934.22094	11.9176	0.0027	1.379
57934.22141	11.9157	0.0026	1.376
57934.22189	11.9140	0.0026	1.374
57934.22237	11.9097	0.0025	1.371
57934.22285	11.9101	0.0024	1.368
57934.22333	11.9157	0.0023	1.365
57934.22381	11.9093	0.0022	1.362
57934.22429	11.9193	0.0022	1.360
57934.22477	11.9043	0.0021	1.357
57934.22524	11.9144	0.0021	1.354
57934.22572	11.9184	0.0022	1.352
57934.22622	11.9135	0.0022	1.349
57934.22669	11.9080	0.0022	1.346
57934.22718	11.9163	0.0022	1.344
57934.22765	11.9160	0.0021	1.341
57934.22814	11.9180	0.0021	1.339
57934.22861	11.9090	0.0020	1.336
57934.22910	11.9115	0.0019	1.333
57934.28750	11.9152	0.0017	1.119
57934.28799	11.9079	0.0016	1.117
57934.28847	11.9115	0.0014	1.116
57934.28895	11.9098	0.0012	1.115
57934.28942	11.9098	0.0011	1.114
57934.28991	11.9131	0.0010	1.113
57934.29039	11.9112	0.0010	1.112
57934.29087	11.9143	0.0010	1.111
57934.29135	11.9110	0.0010	1.110
57934.29183	11.9123	0.0010	1.109
57934.29230	11.9085	0.0010	1.108
57934.29278	11.9134	0.0010	1.106
57934.29325	11.9064	0.0010	1.105
57934.29374	11.9069	0.0010	1.104
57934.29421	11.9133	0.0010	1.103
57934.29470	11.9119	0.0010	1.102
57934.29517	11.9188	0.0010	1.101
57934.29566	11.9137	0.0011	1.100
57934.29613	11.9102	0.0011	1.099
57934.29662	11.9071	0.0011	1.098
57934.29709	11.9081	0.0012	1.097
57934.29758	11.9070	0.0012	1.096
57934.29806	11.9109	0.0012	1.095
57934.29854	11.9161	0.0013	1.094
57934.29902	11.9120	0.0013	1.093
57934.29950	11.9112	0.0013	1.092
57934.29999	11.9132	0.0013	1.092
57934.30046	11.9036	0.0013	1.091
57934.30094	11.9119	0.0013	1.090
57934.30142	11.9088	0.0013	1.089
57934.30190	11.9130	0.0014	1.088
57934.30237	11.9103	0.0014	1.087
57934.30286	11.9095	0.0014	1.086
57934.30333	11.9094	0.0015	1.085
57934.30382	11.9088	0.0015	1.084
57934.30429	11.9161	0.0016	1.083
57934.30478	11.9145	0.0017	1.083
57934.30525	11.9148	0.0017	1.082
57934.30574	11.9086	0.0017	1.081
57934.30622	11.9073	0.0017	1.080
57934.30670	11.9094	0.0017	1.079
57934.30719	11.9050	0.0017	1.078
57934.30766	11.9119	0.0016	1.078
57934.30815	11.9120	0.0016	1.077
57934.30862	11.9088	0.0015	1.076
57934.30910	11.9084	0.0014	1.075
57934.30958	11.9081	0.0013	1.074
57934.31007	11.9165	0.0013	1.074
57934.31056	11.9173	0.0012	1.073
57934.31103	11.9162	0.0012	1.072
57934.31152	11.9095	0.0011	1.071
57934.31199	11.9113	0.0010	1.070
57934.31248	11.9135	0.0010	1.070
57934.31296	11.9089	0.0010	1.069
57934.31344	11.9109	0.0010	1.068
57934.31391	11.9165	0.0010	1.067
57934.31440	11.9046	0.0010	1.067
57934.31487	11.9099	0.0010	1.066
57934.31536	11.9190	0.0010	1.065
57934.31584	11.9097	0.0011	1.065
57934.31632	11.9138	0.0011	1.064
57934.31679	11.9071	0.0011	1.063
57934.31728	11.9058	0.0012	1.063
57934.31775	11.9049	0.0012	1.062
57934.31824	11.9101	0.0013	1.061
57934.31872	11.9091	0.0013	1.061
57934.31920	11.9146	0.0014	1.060
57934.31968	11.9128	0.0015	1.059
57934.32016	11.9160	0.0016	1.059
57934.32065	11.9145	0.0016	1.058
57934.32112	11.9084	0.0017	1.057
57934.32161	11.9052	0.0017	1.057
57934.32208	11.9123	0.0017	1.056
57934.32257	11.9159	0.0017	1.055
57934.32304	11.9081	0.0017	1.055
57934.32353	11.9119	0.0016	1.054
57934.32400	11.9124	0.0015	1.054
57934.32448	11.9128	0.0014	1.053
57934.32495	11.9129	0.0013	1.053
57934.32543	11.9027	0.0012	1.052
57934.32590	11.9091	0.0012	1.051
57934.32639	11.9128	0.0011	1.051
57934.32687	11.9092	0.0011	1.050
57934.32735	11.9038	0.0012	1.050
57934.32784	11.9124	0.0012	1.049
57934.32832	11.9049	0.0012	1.049
57934.32880	11.9151	0.0013	1.048
57934.32928	11.9102	0.0013	1.048
57934.32976	11.9120	0.0014	1.047
57934.33024	11.9033	0.0014	1.047
57934.33072	11.9096	0.0015	1.046
57934.33120	11.9168	0.0015	1.046
57934.33168	11.9123	0.0016	1.045
57934.33216	11.9137	0.0017	1.045
57934.33264	11.9079	0.0017	1.044
57934.33312	11.9070	0.0018	1.044
57934.33360	11.9193	0.0018	1.043
57934.33409	11.9083	0.0018	1.043
57934.33456	11.9106	0.0018	1.042
57934.33505	11.9168	0.0017	1.042
57934.33553	11.9133	0.0016	1.042
57934.33601	11.9093	0.0016	1.041
57934.33648	11.9154	0.0015	1.041
57934.33697	11.9128	0.0013	1.040
57934.33745	11.9083	0.0012	1.040
57934.33794	11.9052	0.0011	1.039
57934.33841	11.9117	0.0010	1.039
57934.33889	11.9133	0.0009	1.039
57934.33937	11.9078	0.0009	1.038
57934.33986	11.9166	0.0008	1.038
57934.34034	11.9106	0.0008	1.038
57934.34082	11.9143	0.0008	1.037
57934.34130	11.9118	0.0008	1.037
57934.34178	11.9159	0.0009	1.036
57934.34226	11.9176	0.0010	1.036
57934.34274	11.9124	0.0010	1.036
57934.34323	11.9127	0.0011	1.035
57934.34370	11.9101	0.0012	1.035
57934.34418	11.9077	0.0013	1.035
57934.34465	11.9101	0.0014	1.035
57934.34514	11.9102	0.0014	1.034
57934.34561	11.9112	0.0015	1.034
57934.34610	11.9123	0.0015	1.034
57934.34657	11.9108	0.0015	1.033
57934.34706	11.9156	0.0016	1.033
57934.34753	11.9120	0.0016	1.033
57934.34802	11.9132	0.0016	1.032
57934.34851	11.9148	0.0016	1.032
57934.34898	11.9125	0.0016	1.032
57934.34947	11.9129	0.0016	1.032
57934.34994	11.9111	0.0016	1.031
57934.35042	11.9099	0.0016	1.031
57934.35090	11.9130	0.0016	1.031
57934.35138	11.9123	0.0015	1.031
57934.35186	11.9089	0.0014	1.031
57934.35235	11.9071	0.0014	1.030
57934.35282	11.9156	0.0013	1.030
57934.35331	11.9181	0.0013	1.030
57934.35380	11.9081	0.0012	1.030
57934.35427	11.9115	0.0011	1.029
57934.35476	11.9076	0.0011	1.029
57934.35523	11.9109	0.0011	1.029
57934.35572	11.9054	0.0011	1.029
57934.35620	11.9094	0.0011	1.029
57934.35668	11.9080	0.0011	1.029
57934.35716	11.9101	0.0012	1.028
57934.35765	11.9115	0.0012	1.028
57934.35812	11.9117	0.0012	1.028
57934.35861	11.9111	0.0013	1.028
57934.35909	11.9077	0.0013	1.028
57934.35957	11.9076	0.0013	1.028
57934.36006	11.9113	0.0013	1.028
57934.36053	11.9137	0.0014	1.027
57934.36101	11.9041	0.0014	1.027
57934.36149	11.9154	0.0014	1.027
57934.36197	11.9119	0.0014	1.027
57934.36245	11.9085	0.0015	1.027
57934.36293	11.9081	0.0016	1.027
57934.36341	11.9098	0.0017	1.027
57934.36389	11.9053	0.0018	1.027
57934.36436	11.9067	0.0019	1.027
57934.36485	11.9095	0.0020	1.027
57934.36532	11.9086	0.0020	1.027
57934.36581	11.9147	0.0020	1.027
57934.36628	11.9117	0.0020	1.026
57934.36676	11.9098	0.0019	1.026
57934.36725	11.9105	0.0018	1.026
57934.36772	11.9093	0.0017	1.026
57934.36821	11.9117	0.0016	1.026
57934.36868	11.9097	0.0015	1.026
57934.36917	11.9105	0.0014	1.026
57934.36964	11.9152	0.0013	1.026
57934.37013	11.9077	0.0013	1.026
57934.37061	11.9121	0.0013	1.026
57934.37110	11.9106	0.0014	1.026
57934.37157	11.9141	0.0014	1.026
57934.37205	11.9130	0.0014	1.026
57934.37252	11.9117	0.0015	1.026
57934.37301	11.9130	0.0015	1.026
57934.37350	11.9046	0.0016	1.026
57934.37398	11.9106	0.0017	1.027
57934.37446	11.9108	0.0018	1.027
57934.37493	11.9081	0.0018	1.027
57934.37542	11.9110	0.0019	1.027
57934.37590	11.9127	0.0019	1.027
57934.37639	11.9051	0.0019	1.027
57934.37686	11.9074	0.0019	1.027
57934.37735	11.9090	0.0018	1.027
57934.37782	11.9146	0.0018	1.027
57934.37831	11.9110	0.0017	1.027
57934.37878	11.9142	0.0016	1.027
57934.37927	11.9117	0.0015	1.027
57934.37975	11.9097	0.0015	1.028
57934.38023	11.9140	0.0015	1.028
57934.38071	11.9134	0.0014	1.028
57934.38119	11.9175	0.0015	1.028
57934.38167	11.9122	0.0015	1.028
57934.38214	11.9125	0.0015	1.028
57934.38263	11.9142	0.0014	1.028
57934.38311	11.9188	0.0014	1.029
57934.38359	11.9067	0.0014	1.029
57934.38407	11.9095	0.0014	1.029
57934.38455	11.9147	0.0015	1.029
57934.38503	11.9169	0.0015	1.029
57934.38551	11.9069	0.0016	1.029
57934.38598	11.9138	0.0017	1.030
57934.38647	11.9212	0.0018	1.030
57934.38694	11.9101	0.0019	1.030
57934.38743	11.9122	0.0021	1.030
57934.38792	11.9084	0.0022	1.030
57934.38839	11.9093	0.0023	1.031
57934.38888	11.9100	0.0024	1.031
57934.38935	11.9159	0.0024	1.031
57934.38984	11.9092	0.0024	1.031
57934.39032	11.9094	0.0024	1.032
57934.39080	11.9124	0.0024	1.032
57934.39127	11.9088	0.0023	1.032
57934.39176	11.9118	0.0022	1.032
57934.39223	11.9118	0.0021	1.033
57934.39272	11.9178	0.0020	1.033
57934.39321	11.9137	0.0019	1.033
57934.39368	11.9140	0.0018	1.034
57934.39417	11.9146	0.0017	1.034
57934.39464	11.9093	0.0017	1.034
57934.39512	11.9147	0.0016	1.034
57934.39560	11.9073	0.0016	1.035
57934.39608	11.9164	0.0016	1.035
57934.39655	11.9203	0.0016	1.035
57934.39704	11.9168	0.0016	1.036
57934.39752	11.9099	0.0016	1.036
57934.39800	11.9060	0.0017	1.036
57934.39848	11.9089	0.0017	1.037
57934.39896	11.9150	0.0018	1.037
57934.39943	11.9170	0.0019	1.037
57934.39993	11.9134	0.0020	1.038
57934.40042	11.9193	0.0021	1.038
57934.40089	11.9088	0.0022	1.039
57934.40137	11.9055	0.0022	1.039
57934.40184	11.9123	0.0022	1.039
57934.40280	11.9094	0.0021	1.040
57934.40329	11.9090	0.0020	1.041
57934.40377	11.9090	0.0019	1.041
57934.40425	11.9154	0.0018	1.041
57934.40472	11.9157	0.0016	1.042
57934.40521	11.9113	0.0015	1.042
57934.40568	11.9115	0.0014	1.043
57934.40617	11.9155	0.0014	1.043
57934.40664	11.9144	0.0015	1.044
57934.40713	11.9130	0.0017	1.044
57934.40760	11.9110	0.0019	1.045
57934.40808	11.9165	0.0022	1.045
57934.40855	11.9102	0.0024	1.046
57934.40903	11.9121	0.0027	1.046
57934.40951	11.9037	0.0029	1.047
57934.41000	11.9120	0.0030	1.047
57934.41047	11.9159	0.0031	1.048
57934.41096	11.9197	0.0032	1.048
57934.41144	11.9192	0.0031	1.049
57934.41192	11.9035	0.0030	1.049
57934.41241	11.9145	0.0029	1.050
57934.41288	11.9110	0.0026	1.050
57934.41337	11.9088	0.0023	1.051
57934.41384	11.9132	0.0020	1.051
57934.41433	11.9105	0.0017	1.052
57934.41480	11.9149	0.0014	1.052
57934.41528	11.9088	0.0013	1.053
57934.42544	11.9202	0.0012	1.067
57934.42593	11.9090	0.0012	1.067
57934.42640	11.9072	0.0012	1.068
57934.42689	11.9115	0.0013	1.069
57934.42736	11.9106	0.0014	1.070
57934.42785	11.9076	0.0015	1.070
57934.42832	11.9085	0.0016	1.071
57934.42881	11.9137	0.0017	1.072
57934.42929	11.9121	0.0018	1.073
57934.42977	11.9123	0.0018	1.073
57934.43025	11.9085	0.0019	1.074
57934.43073	11.9128	0.0019	1.075
57934.43122	11.9058	0.0019	1.076
57934.43169	11.9073	0.0020	1.077
57934.43218	11.9098	0.0019	1.077
57934.43266	11.9031	0.0019	1.078
57934.43314	11.9064	0.0019	1.079
57934.43362	11.9062	0.0018	1.080
57934.43410	11.9009	0.0017	1.081
57934.43457	11.9086	0.0017	1.082
57934.43506	11.9104	0.0016	1.082
57934.43553	11.9095	0.0016	1.083
57934.43602	11.9040	0.0016	1.084
57934.43649	11.9123	0.0017	1.085
57934.43698	11.9117	0.0018	1.086
57934.43747	11.9121	0.0019	1.087
57934.43794	11.9104	0.0020	1.088
57934.43843	11.9180	0.0021	1.089
57934.43891	11.9054	0.0022	1.090
57934.43939	11.9123	0.0023	1.090
57934.43987	11.9046	0.0023	1.091
57934.44035	11.9103	0.0023	1.092
57934.44082	11.9060	0.0023	1.093
57934.44131	11.9089	0.0022	1.094
57934.44178	11.9205	0.0022	1.095
57934.44227	11.9076	0.0021	1.096
57934.44274	11.9131	0.0020	1.097
57934.44323	11.9129	0.0019	1.098
57934.44372	11.9080	0.0018	1.099
57934.44419	11.9119	0.0017	1.100
57934.44468	11.9123	0.0017	1.101
57934.44514	11.9063	0.0016	1.102
57934.44563	11.9167	0.0016	1.103
57934.44611	11.9113	0.0015	1.104
57934.44659	11.9068	0.0015	1.105
57934.44707	11.9138	0.0015	1.106
57934.44755	11.9103	0.0014	1.107
57934.44803	11.9127	0.0014	1.108
57934.44852	11.9166	0.0014	1.110
57934.44900	11.9126	0.0013	1.111
57934.44948	11.9098	0.0013	1.112
57934.44995	11.9145	0.0013	1.113
57934.45044	11.9103	0.0014	1.114
57934.45091	11.9225	0.0014	1.115
57934.45140	11.9073	0.0015	1.116
57934.45187	11.9134	0.0016	1.117
57934.45235	11.9113	0.0017	1.118
57934.45284	11.9163	0.0018	1.120
57934.45331	11.9102	0.0020	1.121
57934.45380	11.9042	0.0020	1.122
57934.45428	11.9280	0.0021	1.123
57934.45476	11.9143	0.0021	1.124
57934.45524	11.9154	0.0020	1.125
57934.45572	11.9114	0.0020	1.127
57934.45619	11.9102	0.0019	1.128
57934.45668	11.9089	0.0017	1.129
57934.45716	11.9057	0.0016	1.130
57934.45764	11.9112	0.0015	1.132
57934.45812	11.9095	0.0013	1.133
57934.45860	11.9124	0.0012	1.134
57934.45909	11.9169	0.0012	1.135
57934.45956	11.9002	0.0011	1.137
57934.46005	11.9117	0.0010	1.138
57934.46052	11.9161	0.0010	1.139
57934.46101	11.9095	0.0010	1.140
57934.46148	11.9121	0.0010	1.142
57934.46196	11.9147	0.0011	1.143
57934.46244	11.9117	0.0011	1.144
57934.46435	11.9173	0.0012	1.150
57934.46484	11.9071	0.0013	1.151
57934.46532	11.9129	0.0014	1.152
57934.46580	11.9153	0.0015	1.154
57934.46628	11.9188	0.0015	1.155
57934.46676	11.9048	0.0016	1.157
57934.46725	11.9105	0.0017	1.158
57934.46772	11.9096	0.0017	1.159
57934.46821	11.9188	0.0018	1.161
57934.46868	11.9170	0.0018	1.162
57934.46916	11.9110	0.0019	1.164
57934.46964	11.9200	0.0020	1.165
57934.47012	11.9148	0.0022	1.167
57934.47060	11.9166	0.0023	1.168
57934.47108	11.9158	0.0025	1.170
57934.47156	11.9053	0.0027	1.171
57934.47204	11.9113	0.0028	1.173
57934.47252	11.9128	0.0029	1.174
57934.47300	11.9126	0.0029	1.176
57934.47348	11.9073	0.0029	1.177
57934.47397	11.9112	0.0028	1.179
57934.47444	11.9063	0.0043	1.181
