12 header lines (incl this one)
Object: KIC846
UT Date for start of observations: 2017.08.04
Observer: B.Gary
Band: V-band
Telescope: Meade 14" LX200-GPS
CCD: SBIG ST-10XME
Col 1: MJD
Col 2: V-mag
Col 3: SE
Col 4: air mass

57969.11977	11.9001	0.0038	1.413
57969.12024	11.9225	0.0038	1.410
57969.12073	11.9168	0.0039	1.407
57969.12120	11.9059	0.0030	1.404
57969.12169	11.9093	0.0033	1.401
57969.12216	11.9191	0.0035	1.398
57969.12264	11.9161	0.0037	1.395
57969.12311	11.9204	0.0038	1.393
57969.12360	11.9201	0.0038	1.390
57969.12407	11.9240	0.0037	1.387
57969.12456	11.9311	0.0036	1.384
57969.12503	11.9127	0.0035	1.381
57969.12551	11.9010	0.0033	1.378
57969.12598	11.9161	0.0031	1.375
57969.12647	11.9116	0.0029	1.373
57969.12694	11.9132	0.0028	1.370
57969.12743	11.9144	0.0027	1.367
57969.12791	11.9186	0.0027	1.364
57969.12839	11.9045	0.0026	1.362
57969.12887	11.9112	0.0026	1.359
57969.12935	11.9275	0.0025	1.356
57969.12983	11.9036	0.0023	1.354
57969.13031	11.9224	0.0022	1.351
57969.13080	11.9068	0.0021	1.348
57969.13128	11.9162	0.0020	1.346
57969.13777	11.9108	0.0019	1.312
57969.13824	11.9207	0.0020	1.309
57969.13873	11.9186	0.0021	1.307
57969.13920	11.9216	0.0024	1.305
57969.13968	11.9154	0.0028	1.302
57969.14016	11.9231	0.0032	1.300
57969.14064	11.9222	0.0037	1.298
57969.14111	11.9066	0.0041	1.295
57969.14160	11.9071	0.0044	1.293
57969.14544	11.9195	0.0037	1.275
57969.14591	11.9094	0.0033	1.273
57969.14639	11.9089	0.0029	1.271
57969.14688	11.9036	0.0026	1.269
57969.14736	11.9144	0.0023	1.267
57969.14784	11.9128	0.0022	1.264
57969.14831	11.9129	0.0022	1.262
57969.14880	11.9268	0.0024	1.260
57969.14927	11.9125	0.0026	1.258
57969.14976	11.9158	0.0029	1.256
57969.15023	11.9205	0.0032	1.254
57969.15072	11.9198	0.0035	1.252
57969.27506	11.9129	0.0030	1.026
57969.27553	11.9222	0.0026	1.026
57969.27602	11.9243	0.0023	1.026
57969.27650	11.9134	0.0021	1.026
57969.27698	11.9099	0.0019	1.026
57969.27745	11.9201	0.0017	1.026
57969.27794	11.9145	0.0016	1.026
57969.27843	11.9160	0.0016	1.027
57969.27890	11.9143	0.0016	1.027
57969.27939	11.9140	0.0017	1.027
57969.27986	11.9141	0.0018	1.027
57969.28035	11.9278	0.0019	1.027
57969.28083	11.9113	0.0020	1.027
57969.28131	11.9155	0.0021	1.027
57969.28179	11.9176	0.0021	1.027
57969.28227	11.9185	0.0022	1.027
57969.28275	11.9116	0.0023	1.027
57969.28323	11.9204	0.0022	1.027
57969.28372	11.9136	0.0022	1.027
57969.28419	11.9206	0.0021	1.028
57969.28468	11.9163	0.0020	1.028
57969.28515	11.9161	0.0018	1.028
57969.28564	11.9074	0.0017	1.028
57969.28611	11.9122	0.0016	1.028
57969.28659	11.9201	0.0015	1.028
57969.28706	11.9181	0.0015	1.028
57969.28755	11.9172	0.0015	1.029
57969.28802	11.9113	0.0016	1.029
57969.28850	11.9197	0.0017	1.029
57969.28898	11.9233	0.0018	1.029
57969.28946	11.9162	0.0019	1.029
57969.28993	11.9048	0.0020	1.029
57969.29042	11.9138	0.0020	1.030
57969.29089	11.9200	0.0020	1.030
57969.29137	11.9185	0.0020	1.030
57969.29184	11.9206	0.0021	1.030
57969.29233	11.9164	0.0021	1.030
57969.29280	11.9105	0.0022	1.031
57969.29328	11.9084	0.0022	1.031
57969.29376	11.9107	0.0023	1.031
57969.29424	11.9183	0.0023	1.031
57969.29471	11.9167	0.0024	1.032
57969.29519	11.9229	0.0024	1.032
57969.29566	11.9246	0.0024	1.032
57969.29613	11.9136	0.0024	1.032
57969.29661	11.9112	0.0023	1.033
57969.29709	11.9130	0.0023	1.033
57969.29757	11.9227	0.0022	1.033
57969.29804	11.9204	0.0021	1.033
57969.29853	11.9166	0.0021	1.034
57969.29900	11.9177	0.0020	1.034
57969.29948	11.9154	0.0019	1.034
57969.29997	11.9122	0.0019	1.035
57969.30044	11.9172	0.0018	1.035
57969.30091	11.9154	0.0017	1.035
57969.30139	11.9098	0.0017	1.036
57969.30185	11.9182	0.0016	1.036
57969.30234	11.9192	0.0015	1.036
57969.30282	11.9042	0.0015	1.037
57969.30330	11.9236	0.0016	1.037
57969.30377	11.9124	0.0016	1.037
57969.30425	11.9140	0.0018	1.038
57969.30472	11.9156	0.0020	1.038
57969.30521	11.9150	0.0022	1.039
57969.30568	11.9184	0.0024	1.039
57969.30616	11.9246	0.0025	1.039
57969.30663	11.9201	0.0027	1.040
57969.30711	11.9084	0.0028	1.040
57969.30759	11.9192	0.0028	1.041
57969.30807	11.9172	0.0028	1.041
57969.30855	11.9187	0.0028	1.041
57969.30903	11.9175	0.0027	1.042
57969.30951	11.9133	0.0026	1.042
57969.30999	11.9112	0.0024	1.043
57969.31047	11.9182	0.0022	1.043
57969.31095	11.9217	0.0021	1.044
57969.31144	11.9133	0.0019	1.044
57969.31192	11.9221	0.0018	1.044
57969.31240	11.9172	0.0018	1.045
57969.31287	11.9173	0.0017	1.045
57969.31334	11.9116	0.0016	1.046
57969.31383	11.9150	0.0016	1.046
57969.31431	11.9161	0.0016	1.047
57969.31478	11.9196	0.0015	1.047
57969.31527	11.9186	0.0015	1.048
57969.31574	11.9111	0.0015	1.048
57969.31623	11.9165	0.0015	1.049
57969.31670	11.9142	0.0016	1.049
57969.31718	11.9187	0.0017	1.050
57969.31765	11.9186	0.0018	1.051
57969.31814	11.9082	0.0020	1.051
57969.31861	11.9166	0.0022	1.052
57969.31909	11.9187	0.0024	1.052
57969.31957	11.9145	0.0026	1.053
57969.32003	11.9208	0.0027	1.053
57969.32052	11.9281	0.0028	1.054
57969.32101	11.9244	0.0029	1.055
57969.32148	11.9142	0.0029	1.055
57969.32197	11.9208	0.0029	1.056
57969.32244	11.9211	0.0029	1.056
57969.32292	11.9147	0.0028	1.057
57969.32340	11.9209	0.0027	1.058
57969.32388	11.9230	0.0026	1.058
57969.32435	11.9257	0.0025	1.059
57969.32484	11.9155	0.0025	1.059
57969.32531	11.9138	0.0024	1.060
57969.32580	11.9174	0.0023	1.061
57969.32627	11.9145	0.0024	1.061
57969.32675	11.9130	0.0025	1.062
57969.32722	11.9152	0.0027	1.063
57969.32770	11.9147	0.0029	1.063
57969.33102	11.9116	0.0032	1.068
57969.33197	11.9179	0.0035	1.070
57969.34049	11.9172	0.0037	1.084
57969.35144	11.9166	0.0038	1.106
57969.35663	11.9143	0.0036	1.118
57969.35711	11.9073	0.0033	1.119
57969.35998	11.9195	0.0033	1.126
57969.36045	11.9125	0.0035	1.127
57969.36094	11.9114	0.0037	1.129
57969.36189	11.9183	0.0037	1.131
57969.36236	11.9081	0.0038	1.132
57969.36284	11.9065	0.0039	1.133
57969.36331	11.9168	0.0038	1.135
57969.36380	11.9077	0.0036	1.136
57969.36427	11.9012	0.0035	1.137
57969.36475	11.9156	0.0033	1.139
57969.36522	11.9107	0.0031	1.140
57969.36569	11.9122	0.0030	1.141
57969.36617	11.9215	0.0030	1.142
57969.36664	11.9166	0.0030	1.144
57969.36713	11.9149	0.0029	1.145
57969.37420	11.9072	0.0029	1.166
57969.37847	11.9183	0.0028	1.179
57969.37895	11.9151	0.0027	1.181
57969.37942	11.9177	0.0026	1.182
57969.38229	11.9183	0.0027	1.192
57969.38278	11.9079	0.0030	1.194
57969.38325	11.9159	0.0032	1.195
57969.38374	11.9225	0.0035	1.197
57969.38612	11.9099	0.0037	1.205
57969.38660	11.9225	0.0039	1.207
57969.38707	11.9136	0.0039	1.209
57969.38755	11.9164	0.0040	1.211
57969.38898	11.9237	0.0039	1.216
57969.38994	11.9046	0.0038	1.220
57969.39042	11.9181	0.0036	1.221
57969.39090	11.9153	0.0034	1.223
57969.39139	11.9178	0.0031	1.225
57969.39186	11.9201	0.0029	1.227
57969.39234	11.9119	0.0026	1.229
57969.39281	11.9142	0.0024	1.231
57969.39330	11.9241	0.0023	1.233
57969.39377	11.9079	0.0021	1.234
57969.39425	11.9140	0.0021	1.236
57969.39472	11.9202	0.0021	1.238
57969.39521	11.9151	0.0021	1.240
57969.39568	11.9173	0.0022	1.242
57969.39617	11.9177	0.0023	1.244
57969.39664	11.9078	0.0023	1.246
57969.39713	11.9218	0.0024	1.248
57969.39760	11.9058	0.0025	1.250
57969.39809	11.9100	0.0025	1.252
57969.39856	11.9215	0.0025	1.254
57969.39904	11.9127	0.0025	1.256
57969.39951	11.9217	0.0024	1.258
57969.39999	11.9142	0.0023	1.260
57969.40047	11.9154	0.0022	1.262
57969.40094	11.9174	0.0022	1.264
57969.40142	11.9187	0.0021	1.267
57969.40190	11.9264	0.0020	1.269
57969.40238	11.9204	0.0020	1.271
57969.40287	11.9140	0.0020	1.273
57969.40334	11.9131	0.0019	1.275
57969.40385	11.9175	0.0020	1.278
57969.40433	11.9110	0.0020	1.280
57969.40481	11.9198	0.0021	1.282
57969.40530	11.9154	0.0021	1.284
57969.40578	11.9190	0.0021	1.286
57969.40624	11.9201	0.0021	1.289
57969.40671	11.9238	0.0021	1.291
57969.40721	11.9203	0.0021	1.293
57969.40769	11.9099	0.0020	1.295
57969.40817	11.9122	0.0020	1.298
57969.40866	11.9135	0.0019	1.300
57969.40913	11.9129	0.0018	1.302
57969.40961	11.9107	0.0018	1.305
57969.41008	11.9157	0.0017	1.307
57969.41056	11.9107	0.0016	1.309
57969.41104	11.9143	0.0016	1.312
57969.41152	11.9133	0.0016	1.314
57969.41200	11.9171	0.0017	1.317
57969.41248	11.9194	0.0018	1.319
57969.41296	11.9245	0.0019	1.322
57969.41344	11.9146	0.0020	1.324
57969.41392	11.9122	0.0021	1.327
57969.41440	11.9122	0.0023	1.329
57969.41487	11.9176	0.0024	1.332
57969.41536	11.9146	0.0025	1.334
57969.41583	11.9076	0.0026	1.337
57969.41631	11.9193	0.0026	1.339
57969.41679	11.9166	0.0025	1.342
57969.41727	11.9091	0.0024	1.344
57969.41773	11.9134	0.0023	1.347
57969.41822	11.9171	0.0021	1.350
57969.41870	11.9204	0.0020	1.352
57969.41919	11.9081	0.0018	1.355
57969.41966	11.9276	0.0017	1.358
57969.42014	11.9162	0.0015	1.360
57969.42062	11.9104	0.0015	1.363
57969.42110	11.9205	0.0015	1.366
57969.42159	11.9136	0.0015	1.368
57969.42206	11.9190	0.0015	1.371
57969.42255	11.9189	0.0016	1.374
57969.42302	11.9066	0.0017	1.377
57969.42351	11.9205	0.0017	1.380
57969.42398	11.9234	0.0018	1.382
57969.42686	11.9224	0.0022	1.400
57969.42735	11.9124	0.0023	1.403
57969.42782	11.9215	0.0025	1.406
57969.42831	11.9137	0.0027	1.409
57969.42878	11.9065	0.0029	1.412
57969.42926	11.9113	0.0031	1.415
57969.42975	11.9165	0.0033	1.418
