12 header lines (incl this one)
Object: KIC846
UT Date for start of observations: 2017.09.12
Observer: B.Gary
Band: V-band
Telescope: Meade 14" LX200-GPS
CCD: SBIG ST-10XME
Col 1: MJD
Col 2: V-mag
Col 3: SE
Col 4: air mass

58008.14591	11.9194	0.0016	1.033
58008.14639	11.9152	0.0016	1.032
58008.14688	11.9220	0.0016	1.032
58008.14735	11.9171	0.0012	1.032
58008.14782	11.9219	0.0013	1.031
58008.14831	11.9205	0.0014	1.031
58008.14878	11.9132	0.0015	1.031
58008.14926	11.9152	0.0016	1.031
58008.14973	11.9160	0.0017	1.031
58008.15022	11.9239	0.0017	1.030
58008.15069	11.9152	0.0017	1.030
58008.15118	11.9158	0.0017	1.030
58008.15166	11.9159	0.0016	1.030
58008.15214	11.9155	0.0016	1.029
58008.15260	11.9179	0.0015	1.029
58008.15308	11.9161	0.0014	1.029
58008.15358	11.9239	0.0013	1.029
58008.15405	11.9215	0.0012	1.029
58008.15453	11.9230	0.0012	1.029
58008.15500	11.9111	0.0011	1.028
58008.15547	11.9218	0.0010	1.028
58008.15595	11.9141	0.0010	1.028
58008.15644	11.9172	0.0010	1.028
58008.15690	11.9099	0.0011	1.028
58008.15738	11.9237	0.0011	1.028
58008.15786	11.9188	0.0011	1.028
58008.15834	11.9186	0.0012	1.027
58008.15882	11.9200	0.0013	1.027
58008.15929	11.9192	0.0014	1.027
58008.15978	11.9138	0.0014	1.027
58008.16025	11.9135	0.0015	1.027
58008.16073	11.9206	0.0016	1.027
58008.16120	11.9152	0.0017	1.027
58008.16168	11.9245	0.0018	1.027
58008.16216	11.9236	0.0019	1.027
58008.16264	11.9166	0.0020	1.027
58008.16311	11.9137	0.0020	1.027
58008.16359	11.9187	0.0021	1.027
58008.16406	11.9214	0.0021	1.027
58008.16454	11.9168	0.0022	1.026
58008.16502	11.9101	0.0022	1.026
58008.16550	11.9203	0.0021	1.026
58008.16598	11.9120	0.0021	1.026
58008.16646	11.9140	0.0021	1.026
58008.16693	11.9239	0.0020	1.026
58008.16742	11.9096	0.0019	1.026
58008.16791	11.9154	0.0018	1.026
58008.16838	11.9227	0.0017	1.026
58008.16887	11.9184	0.0016	1.026
58008.16934	11.9233	0.0015	1.026
58008.16981	11.9130	0.0015	1.026
58008.17030	11.9139	0.0015	1.026
58008.17078	11.9295	0.0015	1.026
58008.17126	11.9165	0.0015	1.026
58008.17174	11.9103	0.0016	1.027
58008.17220	11.9197	0.0016	1.027
58008.17267	11.9148	0.0017	1.027
58008.17316	11.9176	0.0017	1.027
58008.17363	11.9145	0.0018	1.027
58008.17411	11.9180	0.0019	1.027
58008.17459	11.9170	0.0019	1.027
58008.17507	11.9151	0.0019	1.027
58008.17554	11.9208	0.0019	1.027
58008.17603	11.9245	0.0019	1.027
58008.17650	11.9185	0.0019	1.027
58008.17698	11.9170	0.0019	1.027
58008.17747	11.9166	0.0018	1.027
58008.17794	11.9123	0.0018	1.028
58008.17843	11.9219	0.0017	1.028
58008.17891	11.9170	0.0017	1.028
58008.17939	11.9151	0.0016	1.028
58008.17987	11.9142	0.0016	1.028
58008.18035	11.9162	0.0016	1.028
58008.18082	11.9165	0.0016	1.028
58008.18130	11.9191	0.0016	1.029
58008.18178	11.9202	0.0016	1.029
58008.18226	11.9093	0.0016	1.029
58008.18274	11.9187	0.0016	1.029
58008.18322	11.9147	0.0017	1.029
58008.18369	11.9206	0.0018	1.030
58008.18418	11.9210	0.0018	1.030
58008.18466	11.9128	0.0019	1.030
58008.18514	11.9171	0.0019	1.030
58008.18561	11.9218	0.0019	1.030
58008.18609	11.9181	0.0019	1.031
58008.18657	11.9218	0.0019	1.031
58008.18705	11.9153	0.0019	1.031
58008.18753	11.9100	0.0018	1.031
58008.18801	11.9173	0.0018	1.031
58008.18848	11.9170	0.0017	1.032
58008.18896	11.9205	0.0017	1.032
58008.18944	11.9164	0.0017	1.032
58008.18992	11.9137	0.0016	1.033
58008.19041	11.9128	0.0015	1.033
58008.19088	11.9169	0.0015	1.033
58008.19135	11.9163	0.0014	1.033
58008.19183	11.9203	0.0014	1.034
58008.19231	11.9155	0.0013	1.034
58008.19280	11.9194	0.0013	1.034
58008.19328	11.9217	0.0013	1.035
58008.19377	11.9168	0.0013	1.035
58008.19425	11.9173	0.0013	1.035
58008.19473	11.9208	0.0013	1.036
58008.19521	11.9226	0.0013	1.036
58008.19569	11.9187	0.0013	1.036
58008.19618	11.9294	0.0014	1.037
58008.19666	11.9168	0.0014	1.037
58008.19714	11.9222	0.0014	1.037
58008.19762	11.9166	0.0014	1.038
58008.19810	11.9182	0.0014	1.038
58008.19859	11.9149	0.0014	1.038
58008.19906	11.9163	0.0013	1.039
58008.19954	11.9144	0.0013	1.039
58008.20002	11.9155	0.0012	1.040
58008.20050	11.9159	0.0012	1.040
58008.20098	11.9192	0.0012	1.040
58008.21155	11.9267	0.0011	1.051
58008.21681	11.9081	0.0011	1.057
58008.21729	11.9169	0.0010	1.058
58008.21968	11.9131	0.0010	1.061
58008.22015	11.9240	0.0010	1.062
58008.22064	11.9128	0.0009	1.063
58008.22111	11.9204	0.0009	1.063
58008.22160	11.9096	0.0010	1.064
58008.22208	11.9224	0.0010	1.065
58008.22256	11.9234	0.0011	1.065
58008.22303	11.9246	0.0012	1.066
58008.22352	11.9219	0.0013	1.067
58008.22399	11.9140	0.0014	1.068
58008.22448	11.9231	0.0015	1.068
58008.22495	11.9159	0.0015	1.069
58008.22544	11.9259	0.0016	1.070
58008.22593	11.9109	0.0016	1.071
58008.22640	11.9141	0.0016	1.071
58008.22688	11.9199	0.0016	1.072
58008.22735	11.9163	0.0016	1.073
58008.22782	11.9224	0.0015	1.074
58008.22831	11.9109	0.0015	1.074
58008.22880	11.9148	0.0014	1.075
58008.22927	11.9180	0.0014	1.076
58008.23024	11.9173	0.0013	1.078
58008.23072	11.9112	0.0013	1.078
58008.23119	11.9102	0.0013	1.079
58008.23168	11.9224	0.0013	1.080
58008.23215	11.9216	0.0014	1.081
58008.23264	11.9149	0.0014	1.082
58008.23311	11.9279	0.0015	1.083
58008.23359	11.9181	0.0015	1.083
58008.23407	11.9135	0.0015	1.084
58008.23456	11.9193	0.0015	1.085
58008.23503	11.9156	0.0015	1.086
58008.23551	11.9133	0.0015	1.087
58008.23598	11.9209	0.0015	1.088
58008.23647	11.9226	0.0015	1.089
58008.23694	11.9190	0.0014	1.090
58008.23743	11.9110	0.0014	1.091
58008.23791	11.9183	0.0014	1.092
58008.23838	11.9181	0.0014	1.093
58008.23887	11.9133	0.0015	1.093
58008.23934	11.9167	0.0015	1.094
58008.23983	11.9243	0.0014	1.095
58008.24030	11.9180	0.0014	1.096
58008.24079	11.9142	0.0014	1.097
58008.24126	11.9195	0.0014	1.098
58008.24174	11.9171	0.0014	1.099
58008.24222	11.9279	0.0013	1.100
58008.24270	11.9139	0.0013	1.101
58008.24318	11.9156	0.0013	1.102
58008.24366	11.9200	0.0013	1.103
58008.24413	11.9246	0.0014	1.104
58008.24462	11.9184	0.0014	1.105
58008.24510	11.9200	0.0014	1.107
58008.24558	11.9204	0.0014	1.108
58008.24606	11.9214	0.0015	1.109
58008.24654	11.9156	0.0015	1.110
58008.24701	11.9145	0.0015	1.111
58008.24750	11.9195	0.0015	1.112
58008.24799	11.9201	0.0014	1.113
58008.24846	11.9176	0.0013	1.114
58008.24895	11.9081	0.0013	1.115
58008.24942	11.9182	0.0012	1.116
58008.24990	11.9204	0.0011	1.117
58008.25037	11.9232	0.0010	1.119
58008.25086	11.9148	0.0010	1.120
58008.25134	11.9198	0.0009	1.121
58008.25182	11.9126	0.0009	1.122
58008.25230	11.9205	0.0009	1.123
58008.25278	11.9173	0.0010	1.124
58008.25326	11.9185	0.0010	1.126
58008.25375	11.9156	0.0011	1.127
58008.25422	11.9150	0.0012	1.128
58008.25471	11.9185	0.0013	1.129
58008.25519	11.9168	0.0014	1.130
58008.25566	11.9089	0.0014	1.132
58008.25615	11.9171	0.0015	1.133
58008.25709	11.9175	0.0016	1.135
58008.25757	11.9272	0.0016	1.137
58008.25804	11.9209	0.0016	1.138
58008.25852	11.9225	0.0017	1.139
58008.25900	11.9184	0.0017	1.141
58008.25948	11.9138	0.0017	1.142
58008.25997	11.9143	0.0017	1.143
58008.26044	11.9228	0.0017	1.144
58008.26091	11.9122	0.0017	1.146
58008.26140	11.9194	0.0017	1.147
58008.26187	11.9195	0.0017	1.148
58008.26236	11.9107	0.0017	1.150
58008.26284	11.9106	0.0017	1.151
58008.26331	11.9207	0.0017	1.153
58008.26378	11.9169	0.0017	1.154
58008.26426	11.9097	0.0017	1.155
58008.26475	11.9123	0.0017	1.157
58008.26521	11.9097	0.0017	1.158
58008.26569	11.9166	0.0017	1.160
58008.26617	11.9166	0.0016	1.161
58008.26664	11.9146	0.0016	1.162
58008.26713	11.9208	0.0016	1.164
58008.26760	11.9184	0.0015	1.165
58008.26809	11.9176	0.0015	1.167
58008.26856	11.9198	0.0014	1.168
58008.26905	11.9171	0.0014	1.170
58008.26953	11.9170	0.0014	1.171
58008.27001	11.9184	0.0014	1.173
58008.27050	11.9088	0.0015	1.174
58008.27097	11.9166	0.0015	1.176
58008.27145	11.9206	0.0016	1.177
58008.27192	11.9151	0.0017	1.179
58008.27241	11.9216	0.0018	1.181
58008.27288	11.9191	0.0019	1.182
58008.27337	11.9221	0.0019	1.184
58008.27384	11.9233	0.0019	1.185
58008.27433	11.9195	0.0019	1.187
58008.27480	11.9182	0.0019	1.189
58008.27528	11.9177	0.0018	1.190
58008.27576	11.9148	0.0017	1.192
58008.27625	11.9214	0.0015	1.193
58008.27672	11.9181	0.0014	1.195
58008.27720	11.9186	0.0012	1.197
58008.27769	11.9186	0.0011	1.198
58008.27816	11.9199	0.0011	1.200
58008.27865	11.9155	0.0011	1.202
58008.27912	11.9120	0.0011	1.204
58008.27961	11.9179	0.0012	1.205
58008.28008	11.9273	0.0013	1.207
58008.28057	11.9216	0.0014	1.209
58008.28104	11.9161	0.0014	1.211
58008.28152	11.9162	0.0015	1.212
58008.28200	11.9180	0.0015	1.214
58008.28248	11.9207	0.0015	1.216
58008.28295	11.9176	0.0014	1.218
58008.28343	11.9250	0.0013	1.219
58008.28390	11.9166	0.0012	1.221
58008.28437	11.9141	0.0011	1.223
58008.28485	11.9215	0.0011	1.225
58008.28534	11.9196	0.0010	1.227
58008.28581	11.9139	0.0010	1.229
58008.28628	11.9199	0.0010	1.230
58008.28677	11.9190	0.0010	1.232
58008.28725	11.9182	0.0010	1.234
58008.28773	11.9176	0.0011	1.236
58008.28819	11.9146	0.0011	1.238
58008.28868	11.9186	0.0012	1.240
58008.28916	11.9116	0.0013	1.242
58008.28963	11.9154	0.0014	1.244
58008.29012	11.9108	0.0015	1.246
58008.29060	11.9122	0.0016	1.248
58008.29106	11.9146	0.0017	1.250
58008.29155	11.9152	0.0018	1.252
58008.29204	11.9184	0.0018	1.254
58008.29251	11.9065	0.0019	1.256
58008.29299	11.9162	0.0019	1.258
58008.29347	11.9149	0.0019	1.260
58008.29395	11.9233	0.0019	1.262
58008.29442	11.9157	0.0019	1.264
58008.29491	11.9179	0.0019	1.266
58008.29538	11.9206	0.0018	1.269
58008.29586	11.9098	0.0018	1.271
58008.29633	11.9173	0.0017	1.273
58008.29681	11.9218	0.0017	1.275
58008.29728	11.9146	0.0017	1.277
58008.29777	11.9153	0.0016	1.279
58008.29825	11.9198	0.0015	1.282
58008.29873	11.9112	0.0014	1.284
58008.29920	11.9143	0.0014	1.286
58008.29966	11.9171	0.0013	1.288
58008.30014	11.9152	0.0013	1.290
58008.30063	11.9129	0.0012	1.293
58008.30110	11.9167	0.0011	1.295
58008.30157	11.9199	0.0011	1.297
58008.30206	11.9108	0.0010	1.300
58008.30253	11.9276	0.0010	1.302
58008.30301	11.9068	0.0010	1.304
58008.30350	11.9138	0.0009	1.307
58008.30397	11.9147	0.0009	1.309
58008.30443	11.9189	0.0009	1.311
58008.30492	11.9171	0.0009	1.314
58008.30539	11.9274	0.0009	1.316
58008.30587	11.9143	0.0010	1.319
58008.30634	11.9200	0.0010	1.321
58008.30683	11.9181	0.0010	1.323
58008.30730	11.9220	0.0011	1.326
58008.30778	11.9230	0.0011	1.328
58008.30826	11.9233	0.0011	1.331
58008.30875	11.9076	0.0012	1.333
58008.30922	11.9248	0.0013	1.336
58008.30971	11.9213	0.0013	1.339
58008.31019	11.9193	0.0015	1.341
58008.31066	11.9173	0.0016	1.344
58008.31113	11.9141	0.0018	1.346
58008.31161	11.9248	0.0019	1.349
58008.31208	11.9247	0.0021	1.351
58008.31257	11.9261	0.0022	1.354
58008.31304	11.9173	0.0022	1.357
58008.31352	11.9176	0.0022	1.359
58008.31399	11.9156	0.0022	1.362
58008.31447	11.9091	0.0022	1.365
58008.31495	11.9137	0.0021	1.368
58008.31542	11.9223	0.0020	1.370
58008.31589	11.9223	0.0019	1.373
58008.31637	11.9146	0.0018	1.376
58008.31684	11.9293	0.0017	1.379
58008.31733	11.9178	0.0017	1.381
58008.31780	11.9201	0.0017	1.384
58008.31829	11.9165	0.0018	1.387
58008.31876	11.9237	0.0018	1.390
58008.31924	11.9081	0.0018	1.393
58008.31971	11.9185	0.0019	1.396
58008.32020	11.9070	0.0019	1.399
58008.32067	11.9193	0.0019	1.402
58008.32115	11.9202	0.0019	1.405
58008.32162	11.9123	0.0019	1.408
58008.32209	11.9174	0.0019	1.411
58008.32257	11.9184	0.0019	1.414
58008.32304	11.9124	0.0019	1.417
58008.32353	11.9209	0.0019	1.420
58008.32400	11.9206	0.0020	1.423
58008.32448	11.9121	0.0020	1.426
58008.32495	11.9191	0.0020	1.429
58008.32544	11.9191	0.0020	1.432
58008.32591	11.9268	0.0020	1.435
58008.32639	11.9131	0.0020	1.438
58008.32686	11.9114	0.0020	1.442
58008.32735	11.9234	0.0020	1.445
58008.32782	11.9144	0.0020	1.448
58008.32830	11.9179	0.0020	1.451
58008.32877	11.9082	0.0019	1.455
58008.32925	11.9146	0.0019	1.458
58008.32972	11.9201	0.0018	1.461
58008.33020	11.9104	0.0018	1.465
58008.33067	11.9270	0.0017	1.468
58008.33116	11.9179	0.0017	1.471
58008.33163	11.9208	0.0016	1.475
58008.33209	11.9212	0.0016	1.478
58008.33257	11.9187	0.0015	1.481
58008.33304	11.9120	0.0015	1.485
58008.33353	11.9091	0.0015	1.488
58008.33402	11.9093	0.0016	1.492
58008.33449	11.9174	0.0017	1.496
58008.33497	11.9166	0.0018	1.499
58008.33545	11.9148	0.0018	1.503
58008.33594	11.9237	0.0019	1.506
58008.33641	11.9145	0.0020	1.510
58008.33690	11.9161	0.0021	1.514
58008.33737	11.9138	0.0022	1.517
58008.33785	11.9272	0.0022	1.521
58008.33832	11.9152	0.0023	1.525
58008.33880	11.9084	0.0023	1.529
58008.33927	11.9203	0.0023	1.532
58008.33975	11.9090	0.0023	1.536
58008.34023	11.9170	0.0024	1.540
58008.34071	11.9080	0.0025	1.544
58008.34119	11.9092	0.0025	1.548
58008.34168	11.9093	0.0025	1.552
58008.34215	11.9167	0.0025	1.556
58008.34264	11.9132	0.0024	1.560
58008.34311	11.9122	0.0023	1.564
58008.34360	11.9124	0.0022	1.568
58008.34407	11.9219	0.0021	1.572
58008.34456	11.9243	0.0019	1.576
58008.34505	11.9182	0.0018	1.580
58008.34552	11.9210	0.0017	1.584
58008.34600	11.9184	0.0016	1.588
58008.34647	11.9228	0.0017	1.592
58008.34694	11.9167	0.0019	1.597
58008.34741	11.9119	0.0020	1.601
58008.34789	11.9145	0.0022	1.605
58008.34837	11.9193	0.0023	1.609
58008.34884	11.9181	0.0024	1.614
58008.34933	11.9247	0.0025	1.618
58008.34980	11.9160	0.0026	1.622
58008.35028	11.9222	0.0026	1.627
58008.35075	11.9230	0.0026	1.631
58008.35123	11.9131	0.0025	1.636
58008.35169	11.9132	0.0024	1.640
58008.35216	11.9154	0.0023	1.645
58008.35264	11.9117	0.0022	1.649
58008.35310	11.9185	0.0021	1.653
58008.35359	11.9118	0.0020	1.658
58008.35406	11.9247	0.0018	1.663
58008.35454	11.9194	0.0017	1.667
58008.35500	11.9215	0.0017	1.672
58008.35547	11.9176	0.0016	1.677
58008.35595	11.9221	0.0017	1.682
58008.35644	11.9145	0.0017	1.686
58008.35691	11.9075	0.0018	1.691
58008.35738	11.9141	0.0019	1.696
58008.35786	11.9246	0.0020	1.701
58008.35833	11.9120	0.0021	1.706
58008.35882	11.9120	0.0021	1.711
58008.35929	11.9199	0.0021	1.716
58008.35977	11.9129	0.0021	1.721
58008.36024	11.9193	0.0021	1.726
58008.36072	11.9138	0.0021	1.731
58008.36120	11.9192	0.0020	1.736
58008.36168	11.9154	0.0019	1.742
58008.36216	11.9140	0.0019	1.747
58008.36263	11.9198	0.0020	1.752
58008.36311	11.9059	0.0021	1.757
58008.36359	11.9098	0.0022	1.763
58008.36406	11.9090	0.0025	1.768
58008.36455	11.9234	0.0027	1.774
58008.36502	11.9233	0.0030	1.779
58008.36549	11.9227	0.0033	1.784
58008.36597	11.9024	0.0035	1.790
58008.36645	11.9180	0.0037	1.796
58008.36693	11.9125	0.0038	1.801
58008.36740	11.9148	0.0038	1.807
58008.36788	11.9176	0.0037	1.813
58008.36836	11.9215	0.0035	1.818
58008.36883	11.9181	0.0033	1.824
58008.36931	11.9024	0.0030	1.830
58008.36978	11.9208	0.0027	1.836
58008.37025	11.9145	0.0023	1.842
58008.37073	11.9176	0.0020	1.848
58008.37122	11.9199	0.0018	1.854
58008.37169	11.9164	0.0017	1.860
58008.37216	11.9265	0.0016	1.866
58008.37264	11.9113	0.0017	1.872
58008.37311	11.9154	0.0017	1.878
58008.37360	11.9074	0.0018	1.884
58008.37407	11.9090	0.0018	1.891
58008.37455	11.9128	0.0018	1.897
58008.37502	11.9163	0.0018	1.903
58008.37551	11.9270	0.0018	1.910
58008.37598	11.9132	0.0018	1.916
58008.37646	11.9125	0.0018	1.923
58008.37693	11.9080	0.0018	1.929
58008.37740	11.9215	0.0018	1.936
58008.37787	11.9113	0.0019	1.942
58008.37834	11.9352	0.0019	1.949
58008.37881	11.9207	0.0021	1.956
58008.37928	11.9042	0.0022	1.962
58008.37977	11.9150	0.0023	1.969
58008.38024	11.8976	0.0025	1.976
58008.38073	11.9204	0.0026	1.983
58008.38120	11.9280	0.0027	1.990
58008.38168	11.9197	0.0028	1.997
58008.38214	11.9155	0.0029	2.004
58008.38263	11.9226	0.0029	2.012
58008.38309	11.9277	0.0029	2.019
58008.38356	11.9286	0.0029	2.026
58008.38403	11.9144	0.0030	2.033
58008.38451	11.9223	0.0030	2.041
58008.38499	11.9284	0.0030	2.048
58008.38545	11.9288	0.0031	2.055
58008.38593	11.9189	0.0031	2.063
58008.38640	11.9220	0.0032	2.071
58008.38689	11.9205	0.0032	2.079
58008.38736	11.9196	0.0032	2.086
58008.38782	11.9250	0.0032	2.094
58008.38830	11.9219	0.0032	2.102
58008.38878	11.9258	0.0032	2.110
58008.38926	11.9133	0.0031	2.118
58008.38973	11.9093	0.0030	2.126
58008.39022	11.9148	0.0029	2.134
58008.39069	11.9267	0.0028	2.143
58008.39117	11.9191	0.0027	2.151
58008.39164	11.9072	0.0026	2.159
58008.39212	11.9179	0.0025	2.168
58008.39258	11.9105	0.0024	2.176
58008.39306	11.9117	0.0023	2.184
58008.39354	11.9163	0.0023	2.193
58008.39402	11.9083	0.0022	2.202
58008.39449	11.8995	0.0022	2.211
58008.39497	11.9199	0.0022	2.220
58008.39544	11.9191	0.0022	2.229
58008.39593	11.9180	0.0021	2.238
58008.39640	11.9256	0.0021	2.247
58008.39688	11.9126	0.0021	2.256
58008.39736	11.9263	0.0021	2.265
58008.39784	11.9102	0.0020	2.275
58008.39832	11.9165	0.0020	2.284
58008.39880	11.9183	0.0021	2.294
58008.39926	11.9265	0.0021	2.303
58008.39973	11.9194	0.0021	2.313
58008.40021	11.9150	0.0021	2.322
58008.40068	11.9059	0.0021	2.332
58008.40117	11.9318	0.0021	2.342
58008.40164	11.9210	0.0020	2.352
58008.40211	11.9078	0.0019	2.362
58008.40259	11.9298	0.0037	2.373
